-0.00075,21.52,80.01,-193.14,-0.0015,0.00000
-0.00094,21.71,80.48,-192.67,-0.0019,0.00000
-0.00094,22.02,81.22,-191.93,-0.0019,0.00000
-0.00131,22.06,81.32,-191.83,-0.0026,0.00001
-0.00094,22.14,81.51,-191.64,-0.0019,0.00000
-0.00056,22.26,81.79,-191.36,-0.0011,0.00000
-0.00075,22.45,82.25,-190.90,-0.0015,0.00000
-0.00075,22.41,82.16,-190.99,-0.0015,0.00000
-0.00075,22.64,82.72,-190.43,-0.0015,0.00000
-0.00056,22.60,82.63,-190.52,-0.0011,0.00000
-0.00075,22.76,83.00,-190.15,-0.0015,0.00000
-0.00075,22.76,83.00,-190.15,-0.0015,0.00000
-0.00113,23.03,83.65,-189.50,-0.0023,0.00000
-0.00056,22.99,83.56,-189.59,-0.0011,0.00000
-0.00075,23.15,83.93,-189.22,-0.0015,0.00000
-0.00094,23.19,84.03,-189.12,-0.0019,0.00000
-0.00019,23.19,84.03,-189.12,-0.0004,0.00000
-0.00094,23.19,84.03,-189.12,-0.0019,0.00000
-0.00075,23.15,83.94,-189.21,-0.0015,0.00000
-0.00075,23.26,84.22,-188.93,-0.0015,0.00000
-0.00056,23.42,84.59,-188.56,-0.0011,0.00000
-0.00131,23.50,84.78,-188.37,-0.0026,0.00001
-0.00075,23.46,84.69,-188.46,-0.0015,0.00000
-0.00094,23.50,84.78,-188.37,-0.0019,0.00000
-0.00056,23.69,85.25,-187.90,-0.0011,0.00000
-0.00075,23.69,85.25,-187.90,-0.0015,0.00000
-0.00075,23.77,85.44,-187.71,-0.0015,0.00000
-0.00075,23.73,85.34,-187.81,-0.0015,0.00000
-0.00075,23.81,85.53,-187.62,-0.0015,0.00000
-0.00131,23.81,85.54,-187.61,-0.0026,0.00001
-0.00019,23.93,85.81,-187.34,-0.0004,0.00000
-0.00056,24.04,86.09,-187.06,-0.0011,0.00000
-0.00113,24.12,86.28,-186.87,-0.0023,0.00000
-0.00113,24.12,86.28,-186.87,-0.0023,0.00000
-0.00056,24.20,86.46,-186.69,-0.0011,0.00000
-0.00075,24.16,86.38,-186.77,-0.0015,0.00000
-0.00056,24.24,86.57,-186.58,-0.0011,0.00000
-0.00075,24.47,87.12,-186.03,-0.0015,0.00000
-0.00056,24.24,86.57,-186.58,-0.0011,0.00000
-0.00113,24.43,87.04,-186.11,-0.0023,0.00000
-0.00038,24.51,87.23,-185.92,-0.0008,0.00000
-0.00094,24.63,87.50,-185.65,-0.0019,0.00000
-0.00056,24.74,87.79,-185.36,-0.0011,0.00000
-0.00038,24.82,87.97,-185.18,-0.0008,0.00000
-0.00075,24.82,87.98,-185.17,-0.0015,0.00000
-0.00019,24.90,88.16,-184.99,-0.0004,0.00000
0.00000,24.94,88.26,-184.89,0.0000,0.00000
0.00019,24.94,88.26,-184.89,0.0004,0.00000
0.00000,25.06,88.54,-184.61,0.0000,0.00000
-0.00019,24.98,88.35,-184.80,-0.0004,0.00000
0.00056,25.10,88.63,-184.52,0.0011,0.00000
0.00019,25.22,88.92,-184.23,0.0004,0.00000
0.00038,25.18,88.83,-184.32,0.0008,0.00000
0.00019,25.37,89.29,-183.86,0.0004,0.00000
0.00019,25.49,89.58,-183.57,0.0004,0.00000
0.00056,25.49,89.58,-183.57,0.0011,0.00000
0.00113,25.60,89.86,-183.29,0.0023,0.00000
0.00094,25.64,89.95,-183.20,0.0019,0.00000
0.00113,25.49,89.58,-183.57,0.0023,0.00000
0.00113,25.76,90.24,-182.91,0.0023,0.00000
0.00169,25.84,90.42,-182.73,0.0034,0.00001
0.00188,25.92,90.61,-182.54,0.0038,0.00001
0.00244,25.84,90.43,-182.72,0.0049,0.00001
0.00225,26.07,90.98,-182.17,0.0045,0.00001
0.00206,26.19,91.27,-181.88,0.0041,0.00001
0.00281,26.04,90.90,-182.25,0.0056,0.00001
0.00281,26.11,91.09,-182.06,0.0056,0.00001
0.00319,26.35,91.65,-181.50,0.0064,0.00001
0.00375,26.31,91.56,-181.59,0.0075,0.00002
0.00375,26.43,91.84,-181.31,0.0075,0.00002
0.00450,26.46,91.93,-181.22,0.0090,0.00002
0.00450,26.58,92.21,-180.94,0.0090,0.00002
0.00450,26.66,92.40,-180.75,0.0090,0.00002
0.00544,26.66,92.40,-180.75,0.0109,0.00002
0.00563,26.74,92.59,-180.56,0.0113,0.00002
0.00600,26.66,92.41,-180.74,0.0120,0.00002
0.00656,26.86,92.87,-180.28,0.0131,0.00003
0.00731,26.93,93.06,-180.09,0.0146,0.00003
0.00844,27.05,93.34,-179.81,0.0169,0.00003
0.00825,27.09,93.44,-179.71,0.0165,0.00003
0.00919,26.98,93.17,-179.98,0.0184,0.00004
0.00956,27.25,93.82,-179.33,0.0191,0.00004
0.01088,27.25,93.82,-179.33,0.0218,0.00004
0.01181,27.29,93.91,-179.24,0.0236,0.00005
0.01331,27.25,93.83,-179.32,0.0266,0.00005
0.01425,27.37,94.11,-179.04,0.0285,0.00006
0.01538,27.60,94.67,-178.48,0.0308,0.00006
0.01669,27.52,94.48,-178.67,0.0334,0.00007
0.01838,27.56,94.58,-178.57,0.0368,0.00007
0.01913,27.72,94.95,-178.20,0.0383,0.00008
0.02100,27.68,94.85,-178.30,0.0420,0.00008
0.02269,27.60,94.68,-178.47,0.0454,0.00009
0.02456,27.80,95.14,-178.01,0.0491,0.00010
0.02569,27.96,95.52,-177.63,0.0514,0.00010
0.02831,27.76,95.06,-178.09,0.0566,0.00011
0.03094,28.00,95.62,-177.53,0.0619,0.00012
0.03263,27.84,95.24,-177.91,0.0653,0.00013
0.03525,28.19,96.09,-177.06,0.0705,0.00014
0.03713,28.07,95.81,-177.34,0.0743,0.00015
0.03975,28.23,96.18,-176.97,0.0795,0.00016
0.04181,28.12,95.91,-177.24,0.0836,0.00017
0.04406,28.31,96.37,-176.78,0.0881,0.00018
0.04575,28.23,96.19,-176.96,0.0915,0.00018
0.04838,28.39,96.56,-176.59,0.0968,0.00019
0.05138,28.31,96.38,-176.77,0.1028,0.00021
0.05363,28.47,96.75,-176.40,0.1073,0.00021
0.05606,28.66,97.23,-175.92,0.1121,0.00022
0.05906,28.43,96.67,-176.48,0.1181,0.00024
0.06206,28.70,97.32,-175.83,0.1241,0.00025
0.06525,28.59,97.04,-176.11,0.1305,0.00026
0.06806,28.82,97.60,-175.55,0.1361,0.00027
0.07106,28.94,97.89,-175.26,0.1421,0.00028
0.07463,28.86,97.70,-175.45,0.1493,0.00030
0.07819,28.78,97.52,-175.63,0.1564,0.00031
0.08194,29.05,98.17,-174.98,0.1639,0.00033
0.08607,29.02,98.08,-175.07,0.1721,0.00034
0.08982,29.17,98.45,-174.70,0.1796,0.00036
0.09375,29.10,98.27,-174.88,0.1875,0.00038
0.09750,29.10,98.28,-174.87,0.1950,0.00039
0.10125,29.06,98.18,-174.97,0.2025,0.00041
0.10594,29.06,98.19,-174.96,0.2119,0.00042
0.11007,29.37,98.94,-174.21,0.2201,0.00044
0.11475,29.37,98.93,-174.22,0.2295,0.00046
0.11907,29.61,99.50,-173.65,0.2381,0.00048
0.12319,29.41,99.03,-174.12,0.2464,0.00049
0.12844,29.57,99.41,-173.74,0.2569,0.00051
0.13275,29.57,99.41,-173.74,0.2655,0.00053
0.13800,29.69,99.69,-173.46,0.2760,0.00055
0.14307,29.61,99.51,-173.64,0.2861,0.00057
0.14850,29.80,99.98,-173.17,0.2970,0.00059
0.15375,29.80,99.98,-173.17,0.3075,0.00062
0.16013,29.77,99.89,-173.26,0.3203,0.00064
0.16632,29.92,100.27,-172.88,0.3326,0.00067
0.17232,29.85,100.08,-173.07,0.3446,0.00069
0.17888,29.97,100.37,-172.78,0.3578,0.00072
0.18469,30.16,100.83,-172.32,0.3694,0.00074
0.19107,30.04,100.55,-172.60,0.3821,0.00076
0.19801,30.16,100.83,-172.32,0.3960,0.00079
0.20513,30.20,100.93,-172.22,0.4103,0.00082
0.21226,30.24,101.03,-172.12,0.4245,0.00085
0.21919,30.32,101.21,-171.94,0.4384,0.00088
0.22632,30.24,101.04,-172.11,0.4526,0.00091
0.23344,30.40,101.41,-171.74,0.4669,0.00093
0.24076,30.44,101.50,-171.65,0.4815,0.00096
0.24788,30.47,101.59,-171.56,0.4958,0.00099
0.25463,30.63,101.98,-171.17,0.5093,0.00102
0.26251,30.60,101.89,-171.26,0.5250,0.00105
0.26982,30.64,101.98,-171.17,0.5396,0.00108
0.27751,30.71,102.17,-170.98,0.5550,0.00111
0.28557,30.75,102.26,-170.89,0.5711,0.00114
0.29232,30.75,102.26,-170.89,0.5846,0.00117
0.29963,30.83,102.46,-170.69,0.5993,0.00120
0.30770,30.79,102.36,-170.79,0.6154,0.00123
0.31501,30.95,102.73,-170.42,0.6300,0.00126
0.32382,31.07,103.02,-170.13,0.6476,0.00130
0.33264,31.03,102.93,-170.22,0.6653,0.00133
0.34182,31.15,103.21,-169.94,0.6836,0.00137
0.35120,31.26,103.49,-169.66,0.7024,0.00140
0.35964,31.31,103.60,-169.55,0.7193,0.00144
0.36864,31.23,103.41,-169.74,0.7373,0.00147
0.37726,31.19,103.31,-169.84,0.7545,0.00151
0.38570,31.38,103.78,-169.37,0.7714,0.00154
0.39489,31.23,103.41,-169.74,0.7898,0.00158
0.40464,31.39,103.79,-169.36,0.8093,0.00162
0.41383,31.47,103.98,-169.17,0.8277,0.00166
0.42283,31.58,104.26,-168.89,0.8457,0.00169
0.43239,31.58,104.26,-168.89,0.8648,0.00173
0.44083,31.50,104.08,-169.07,0.8817,0.00176
0.44964,31.74,104.65,-168.50,0.8993,0.00180
0.45939,31.78,104.74,-168.41,0.9188,0.00184
0.46783,31.70,104.56,-168.59,0.9357,0.00187
0.47739,31.78,104.74,-168.41,0.9548,0.00191
0.48676,31.94,105.12,-168.03,0.9735,0.00195
0.49558,31.94,105.13,-168.02,0.9912,0.00198
0.50458,31.94,105.12,-168.03,1.0092,0.00202
0.51339,32.13,105.59,-167.56,1.0268,0.00205
0.52145,32.14,105.60,-167.55,1.0429,0.00209
0.52970,32.10,105.50,-167.65,1.0594,0.00212
0.53795,32.02,105.32,-167.83,1.0759,0.00215
0.54583,32.29,105.98,-167.17,1.0917,0.00218
0.55445,32.22,105.79,-167.36,1.1089,0.00222
0.56327,32.33,106.07,-167.08,1.1265,0.00225
0.57170,32.33,106.08,-167.07,1.1434,0.00229
0.58071,32.41,106.27,-166.88,1.1614,0.00232
0.58971,32.34,106.09,-167.06,1.1794,0.00236
0.59852,32.53,106.56,-166.59,1.1970,0.00239
0.60714,32.57,106.65,-166.50,1.2143,0.00243
0.61558,32.54,106.56,-166.59,1.2312,0.00246
0.62308,32.73,107.03,-166.12,1.2462,0.00249
0.63208,32.73,107.03,-166.12,1.2642,0.00253
0.64164,32.84,107.31,-165.84,1.2833,0.00257
0.65046,32.65,106.85,-166.30,1.3009,0.00260
0.65946,32.89,107.41,-165.74,1.3189,0.00264
0.66790,32.81,107.23,-165.92,1.3358,0.00267
0.67633,32.85,107.32,-165.83,1.3527,0.00271
0.68383,32.97,107.61,-165.54,1.3677,0.00274
0.69115,33.05,107.80,-165.35,1.3823,0.00276
0.69883,32.93,107.52,-165.63,1.3977,0.00280
0.70671,33.05,107.80,-165.35,1.4134,0.00283
0.71383,33.02,107.72,-165.43,1.4277,0.00286
0.72058,33.17,108.08,-165.07,1.4412,0.00288
0.72771,33.25,108.27,-164.88,1.4554,0.00291
0.73352,33.29,108.38,-164.77,1.4670,0.00293
0.73915,33.29,108.38,-164.77,1.4783,0.00296
0.74477,33.21,108.19,-164.96,1.4895,0.00298
0.75077,33.37,108.57,-164.58,1.5015,0.00300
0.75640,33.41,108.66,-164.49,1.5128,0.00303
0.76240,33.56,109.04,-164.11,1.5248,0.00305
0.76802,33.60,109.13,-164.02,1.5360,0.00307
0.77346,33.64,109.23,-163.92,1.5469,0.00309
0.77871,33.76,109.52,-163.63,1.5574,0.00311
0.78340,33.68,109.33,-163.82,1.5668,0.00313
0.78790,33.80,109.61,-163.54,1.5758,0.00315
0.79184,33.77,109.53,-163.62,1.5837,0.00317
0.79690,33.77,109.53,-163.62,1.5938,0.00319
0.80177,33.84,109.71,-163.44,1.6035,0.00321
0.80665,33.88,109.81,-163.34,1.6133,0.00323
0.81040,33.96,110.00,-163.15,1.6208,0.00324
0.81452,34.00,110.10,-163.05,1.6290,0.00326
0.81828,34.12,110.38,-162.77,1.6365,0.00327
0.82203,34.12,110.38,-162.77,1.6441,0.00329
0.82540,34.08,110.29,-162.86,1.6508,0.00330
0.82859,34.08,110.29,-162.86,1.6572,0.00331
0.83234,34.16,110.49,-162.66,1.6647,0.00333
0.83553,34.32,110.86,-162.29,1.6711,0.00334
0.83890,34.16,110.48,-162.67,1.6778,0.00336
0.84209,34.40,111.05,-162.10,1.6842,0.00337
0.84565,34.36,110.96,-162.19,1.6913,0.00338
0.84846,34.48,111.25,-161.90,1.6969,0.00339
0.85128,34.60,111.53,-161.62,1.7026,0.00341
0.85409,34.52,111.35,-161.80,1.7082,0.00342
0.85709,34.72,111.82,-161.33,1.7142,0.00343
0.85915,34.52,111.35,-161.80,1.7183,0.00344
0.86196,34.68,111.73,-161.42,1.7239,0.00345
0.86459,34.72,111.82,-161.33,1.7292,0.00346
0.86703,34.84,112.10,-161.05,1.7341,0.00347
0.86965,34.91,112.29,-160.86,1.7393,0.00348
0.87171,34.87,112.20,-160.95,1.7434,0.00349
0.87415,34.88,112.21,-160.94,1.7483,0.00350
0.87603,34.96,112.39,-160.76,1.7521,0.00350
0.87865,34.96,112.40,-160.75,1.7573,0.00351
0.88071,35.00,112.50,-160.65,1.7614,0.00352
0.88240,34.96,112.40,-160.75,1.7648,0.00353
0.88465,35.04,112.60,-160.55,1.7693,0.00354
0.88578,35.19,112.97,-160.18,1.7716,0.00354
0.88803,35.23,113.06,-160.09,1.7761,0.00355
0.89009,35.27,113.16,-159.99,1.7802,0.00356
0.89196,35.28,113.17,-159.98,1.7839,0.00357
0.89384,35.35,113.35,-159.80,1.7877,0.00358
0.89571,35.32,113.26,-159.89,1.7914,0.00358
0.89721,35.47,113.64,-159.51,1.7944,0.00359
0.89909,35.55,113.82,-159.33,1.7982,0.00360
0.90096,35.51,113.73,-159.42,1.8019,0.00360
0.90228,35.63,114.02,-159.13,1.8046,0.00361
0.90397,35.63,114.03,-159.12,1.8079,0.00362
0.90509,35.56,113.84,-159.31,1.8102,0.00362
0.90640,35.75,114.32,-158.83,1.8128,0.00363
0.90790,35.67,114.12,-159.03,1.8158,0.00363
0.90959,35.79,114.41,-158.74,1.8192,0.00364
0.91090,35.75,114.32,-158.83,1.8218,0.00364
0.91184,35.67,114.13,-159.02,1.8237,0.00365
0.91297,35.95,114.80,-158.35,1.8259,0.00365
0.91428,35.91,114.70,-158.45,1.8286,0.00366
0.91559,36.07,115.07,-158.08,1.8312,0.00366
0.91728,35.95,114.80,-158.35,1.8346,0.00367
0.91822,36.03,114.99,-158.16,1.8364,0.00367
0.91934,36.23,115.46,-157.69,1.8387,0.00368
0.92084,36.19,115.36,-157.79,1.8417,0.00368
0.92159,36.07,115.08,-158.07,1.8432,0.00369
0.92253,36.27,115.57,-157.58,1.8451,0.00369
0.92384,36.27,115.56,-157.59,1.8477,0.00370
0.92497,36.42,115.93,-157.22,1.8499,0.00370
0.92609,36.39,115.84,-157.31,1.8522,0.00370
0.92703,36.43,115.95,-157.20,1.8541,0.00371
0.92797,36.43,115.95,-157.20,1.8559,0.00371
0.92909,36.55,116.23,-156.92,1.8582,0.00372
0.93078,36.51,116.15,-157.00,1.8616,0.00372
0.93134,36.44,115.96,-157.19,1.8627,0.00373
0.93247,36.63,116.42,-156.73,1.8649,0.00373
0.93322,36.43,115.96,-157.19,1.8664,0.00373
0.93397,36.63,116.44,-156.71,1.8679,0.00374
0.93565,36.75,116.72,-156.43,1.8713,0.00374
0.93678,36.75,116.72,-156.43,1.8736,0.00375
0.93772,36.79,116.82,-156.33,1.8754,0.00375
0.93847,36.95,117.19,-155.96,1.8769,0.00375
0.93959,36.99,117.29,-155.86,1.8792,0.00376
0.94034,37.03,117.39,-155.76,1.8807,0.00376
0.94128,36.99,117.30,-155.85,1.8826,0.00377
0.94203,36.99,117.30,-155.85,1.8841,0.00377
0.94297,36.96,117.21,-155.94,1.8859,0.00377
0.94372,37.15,117.68,-155.47,1.8874,0.00377
0.94409,37.23,117.87,-155.28,1.8882,0.00378
0.94522,37.27,117.97,-155.18,1.8904,0.00378
0.94615,37.23,117.88,-155.27,1.8923,0.00378
0.94728,37.15,117.69,-155.46,1.8946,0.00379
0.94784,37.23,117.88,-155.27,1.8957,0.00379
0.94897,37.35,118.16,-154.99,1.8979,0.00380
0.94972,37.31,118.08,-155.07,1.8994,0.00380
0.95028,37.43,118.36,-154.79,1.9006,0.00380
0.95103,37.43,118.36,-154.79,1.9021,0.00380
0.95159,37.47,118.45,-154.70,1.9032,0.00381
0.95234,37.51,118.55,-154.60,1.9047,0.00381
0.95328,37.67,118.93,-154.22,1.9066,0.00381
0.95403,37.63,118.84,-154.31,1.9081,0.00382
0.95478,37.71,119.03,-154.12,1.9096,0.00382
0.95572,37.67,118.94,-154.21,1.9114,0.00382
0.95665,37.71,119.04,-154.11,1.9133,0.00383
0.95722,37.75,119.13,-154.02,1.9144,0.00383
0.95834,37.67,118.94,-154.21,1.9167,0.00383
0.95909,37.83,119.33,-153.82,1.9182,0.00384
0.96022,37.87,119.42,-153.73,1.9204,0.00384
0.96059,37.91,119.52,-153.63,1.9212,0.00384
0.96115,37.91,119.52,-153.63,1.9223,0.00384
0.96190,38.07,119.90,-153.25,1.9238,0.00385
0.96284,38.03,119.81,-153.34,1.9257,0.00385
0.96340,38.11,120.00,-153.15,1.9268,0.00385
0.96378,38.11,120.00,-153.15,1.9276,0.00386
0.96490,38.15,120.09,-153.06,1.9298,0.00386
0.96603,38.19,120.20,-152.95,1.9321,0.00386
0.96659,38.23,120.29,-152.86,1.9332,0.00387
0.96697,38.23,120.29,-152.86,1.9339,0.00387
0.96772,38.39,120.67,-152.48,1.9354,0.00387
0.96847,38.39,120.67,-152.48,1.9369,0.00387
0.96922,38.47,120.85,-152.30,1.9384,0.00388
0.96959,38.47,120.86,-152.29,1.9392,0.00388
0.97034,38.51,120.96,-152.19,1.9407,0.00388
0.97109,38.39,120.68,-152.47,1.9422,0.00388
0.97165,38.63,121.25,-151.90,1.9433,0.00389
0.97259,38.63,121.25,-151.90,1.9452,0.00389
0.97315,38.63,121.25,-151.90,1.9463,0.00389
0.97390,38.60,121.17,-151.98,1.9478,0.00390
0.97447,38.59,121.15,-152.00,1.9489,0.00390
0.97503,38.83,121.73,-151.42,1.9501,0.00390
0.97540,38.79,121.65,-151.50,1.9508,0.00390
0.97578,38.83,121.74,-151.41,1.9516,0.00390
0.97672,38.91,121.93,-151.22,1.9534,0.00391
0.97765,38.95,122.02,-151.13,1.9553,0.00391
0.97859,38.91,121.92,-151.23,1.9572,0.00391
0.97878,38.99,122.13,-151.02,1.9576,0.00392
0.97934,39.11,122.41,-150.74,1.9587,0.00392
0.98028,39.11,122.41,-150.74,1.9606,0.00392
0.98084,39.31,122.88,-150.27,1.9617,0.00392
0.98159,39.11,122.42,-150.73,1.9632,0.00393
0.98215,39.19,122.61,-150.54,1.9643,0.00393
0.98272,39.15,122.51,-150.64,1.9654,0.00393
0.98366,39.27,122.80,-150.35,1.9673,0.00393
0.98403,39.32,122.91,-150.24,1.9681,0.00394
0.98478,39.24,122.71,-150.44,1.9696,0.00394
0.98516,39.35,122.99,-150.16,1.9703,0.00394
0.98609,39.43,123.18,-149.97,1.9722,0.00394
0.98647,39.36,123.00,-150.15,1.9729,0.00395
0.98703,39.52,123.38,-149.77,1.9741,0.00395
0.98722,39.40,123.10,-150.05,1.9744,0.00395
0.98797,39.59,123.57,-149.58,1.9759,0.00395
0.98853,39.67,123.76,-149.39,1.9771,0.00395
0.98891,39.75,123.95,-149.20,1.9778,0.00396
0.98947,39.52,123.39,-149.76,1.9789,0.00396
0.98984,39.75,123.96,-149.19,1.9797,0.00396
0.99022,39.76,123.96,-149.19,1.9804,0.00396
0.99172,39.80,124.07,-149.08,1.9834,0.00397
0.99172,39.76,123.96,-149.19,1.9834,0.00397
0.99191,39.76,123.97,-149.18,1.9838,0.00397
0.99284,39.80,124.07,-149.08,1.9857,0.00397
0.99322,39.95,124.44,-148.71,1.9864,0.00397
0.99341,39.91,124.34,-148.81,1.9868,0.00397
0.99453,40.00,124.54,-148.61,1.9891,0.00398
0.99472,40.04,124.64,-148.51,1.9894,0.00398
0.99509,40.12,124.83,-148.32,1.9902,0.00398
0.99584,39.92,124.36,-148.79,1.9917,0.00398
0.99641,40.16,124.93,-148.22,1.9928,0.00399
0.99641,40.16,124.93,-148.22,1.9928,0.00399
0.99753,40.20,125.03,-148.12,1.9951,0.00399
0.99791,40.36,125.41,-147.74,1.9958,0.00399
0.99828,40.36,125.41,-147.74,1.9966,0.00399
0.99884,40.32,125.32,-147.83,1.9977,0.00400
0.99922,40.40,125.51,-147.64,1.9984,0.00400
0.99978,40.48,125.70,-147.45,1.9996,0.00400
1.00053,40.40,125.52,-147.63,2.0011,0.00400
1.00072,40.52,125.80,-147.35,2.0014,0.00400
1.00128,40.44,125.61,-147.54,2.0026,0.00401
1.00147,40.52,125.81,-147.34,2.0029,0.00401
1.00241,40.60,125.99,-147.16,2.0048,0.00401
1.00241,40.64,126.09,-147.06,2.0048,0.00401
1.00316,40.76,126.38,-146.77,2.0063,0.00401
1.00353,40.72,126.28,-146.87,2.0071,0.00401
1.00391,40.64,126.10,-147.05,2.0078,0.00402
1.00447,40.80,126.48,-146.67,2.0089,0.00402
1.00466,40.68,126.20,-146.95,2.0093,0.00402
1.00522,40.76,126.39,-146.76,2.0104,0.00402
1.00541,40.92,126.77,-146.38,2.0108,0.00402
1.00597,40.88,126.68,-146.47,2.0119,0.00402
1.00616,40.92,126.78,-146.37,2.0123,0.00402
1.00653,40.96,126.87,-146.28,2.0131,0.00403
1.00672,40.89,126.68,-146.47,2.0134,0.00403
1.00747,41.16,127.35,-145.80,2.0149,0.00403
1.00747,41.00,126.96,-146.19,2.0149,0.00403
1.00784,41.05,127.07,-146.08,2.0157,0.00403
1.00841,41.16,127.36,-145.79,2.0168,0.00403
1.00878,41.09,127.17,-145.98,2.0176,0.00404
1.00916,41.13,127.26,-145.89,2.0183,0.00404
1.00934,41.17,127.36,-145.79,2.0187,0.00404
1.00934,41.25,127.55,-145.60,2.0187,0.00404
1.00972,41.28,127.64,-145.51,2.0194,0.00404
1.01047,41.41,127.94,-145.21,2.0209,0.00404
1.01066,41.25,127.56,-145.59,2.0213,0.00404
1.01141,41.37,127.84,-145.31,2.0228,0.00405
1.01159,41.49,128.13,-145.02,2.0232,0.00405
1.01234,41.57,128.32,-144.83,2.0247,0.00405
1.01253,41.37,127.84,-145.31,2.0251,0.00405
1.01291,41.53,128.23,-144.92,2.0258,0.00405
1.01328,41.57,128.33,-144.82,2.0266,0.00405
1.01366,41.61,128.43,-144.72,2.0273,0.00405
1.01422,41.65,128.53,-144.62,2.0284,0.00406
1.01441,41.73,128.72,-144.43,2.0288,0.00406
1.01478,41.69,128.63,-144.52,2.0296,0.00406
1.01553,41.77,128.82,-144.33,2.0311,0.00406
1.01609,41.73,128.72,-144.43,2.0322,0.00406
1.01666,41.85,129.01,-144.14,2.0333,0.00407
1.01684,41.69,128.63,-144.52,2.0337,0.00407
1.01722,41.89,129.11,-144.04,2.0344,0.00407
1.01797,41.97,129.29,-143.86,2.0359,0.00407
1.01834,41.93,129.21,-143.94,2.0367,0.00407
1.01909,41.89,129.11,-144.04,2.0382,0.00408
1.01966,41.97,129.30,-143.85,2.0393,0.00408
1.01984,41.94,129.21,-143.94,2.0397,0.00408
1.02022,42.01,129.41,-143.74,2.0404,0.00408
1.02078,42.09,129.60,-143.55,2.0416,0.00408
1.02134,42.17,129.79,-143.36,2.0427,0.00409
1.02209,42.10,129.60,-143.55,2.0442,0.00409
1.02228,42.17,129.79,-143.36,2.0446,0.00409
1.02266,42.33,130.18,-142.97,2.0453,0.00409
1.02322,42.21,129.89,-143.26,2.0464,0.00409
1.02378,42.30,130.09,-143.06,2.0476,0.00410
1.02434,42.41,130.37,-142.78,2.0487,0.00410
1.02453,42.38,130.28,-142.87,2.0491,0.00410
1.02528,42.53,130.65,-142.50,2.0506,0.00410
1.02528,42.42,130.37,-142.78,2.0506,0.00410
1.02603,42.46,130.48,-142.67,2.0521,0.00410
1.02603,42.50,130.57,-142.58,2.0521,0.00410
1.02697,42.45,130.46,-142.69,2.0539,0.00411
1.02697,42.58,130.76,-142.39,2.0539,0.00411
1.02753,42.58,130.76,-142.39,2.0551,0.00411
1.02828,42.70,131.06,-142.09,2.0566,0.00411
1.02809,42.62,130.86,-142.29,2.0562,0.00411
1.02828,42.74,131.14,-142.01,2.0566,0.00411
1.02903,42.74,131.15,-142.00,2.0581,0.00412
1.02903,42.70,131.06,-142.09,2.0581,0.00412
1.02997,43.02,131.82,-141.33,2.0599,0.00412
1.03016,42.98,131.72,-141.43,2.0603,0.00412
1.03034,42.90,131.54,-141.61,2.0607,0.00412
1.03091,42.91,131.55,-141.60,2.0618,0.00412
1.03128,43.06,131.93,-141.22,2.0626,0.00413
1.03166,42.98,131.73,-141.42,2.0633,0.00413
1.03222,42.98,131.74,-141.41,2.0644,0.00413
1.03203,42.99,131.75,-141.40,2.0641,0.00413
1.03241,43.06,131.93,-141.22,2.0648,0.00413
1.03278,43.10,132.03,-141.12,2.0656,0.00413
1.03297,43.19,132.23,-140.92,2.0659,0.00413
1.03372,43.15,132.14,-141.01,2.0674,0.00413
1.03409,43.14,132.13,-141.02,2.0682,0.00414
1.03466,43.38,132.70,-140.45,2.0693,0.00414
1.03503,43.38,132.70,-140.45,2.0701,0.00414
1.03503,43.31,132.52,-140.63,2.0701,0.00414
1.03503,43.23,132.33,-140.82,2.0701,0.00414
1.03541,43.43,132.81,-140.34,2.0708,0.00414
1.03597,43.39,132.71,-140.44,2.0719,0.00414
1.03672,43.31,132.52,-140.63,2.0734,0.00415
1.03691,43.35,132.62,-140.53,2.0738,0.00415
1.03728,43.51,133.01,-140.14,2.0746,0.00415
1.03766,43.47,132.91,-140.24,2.0753,0.00415
1.03784,43.47,132.92,-140.23,2.0757,0.00415
1.03784,43.55,133.10,-140.05,2.0757,0.00415
1.03859,43.59,133.20,-139.95,2.0772,0.00415
1.03916,43.67,133.38,-139.77,2.0783,0.00416
1.03878,43.79,133.68,-139.47,2.0776,0.00416
1.03972,43.67,133.40,-139.75,2.0794,0.00416
1.03953,43.55,133.11,-140.04,2.0791,0.00416
1.04028,43.83,133.78,-139.37,2.0806,0.00416
1.04009,43.79,133.68,-139.47,2.0802,0.00416
1.04066,43.79,133.69,-139.46,2.0813,0.00416
1.04103,43.79,133.69,-139.46,2.0821,0.00416
1.04122,43.91,133.98,-139.17,2.0824,0.00416
1.04216,43.91,133.98,-139.17,2.0843,0.00417
1.04216,43.95,134.08,-139.07,2.0843,0.00417
1.04253,43.95,134.08,-139.07,2.0851,0.00417
1.04253,44.07,134.37,-138.78,2.0851,0.00417
1.04291,44.15,134.56,-138.59,2.0858,0.00417
1.04384,44.08,134.37,-138.78,2.0877,0.00418
1.04366,44.12,134.48,-138.67,2.0873,0.00417
1.04478,44.15,134.56,-138.59,2.0896,0.00418
1.04478,44.20,134.66,-138.49,2.0896,0.00418
1.04534,44.23,134.75,-138.40,2.0907,0.00418
1.04553,44.16,134.57,-138.58,2.0911,0.00418
1.04609,44.32,134.95,-138.20,2.0922,0.00418
1.04609,44.32,134.95,-138.20,2.0922,0.00418
1.04647,44.28,134.86,-138.29,2.0929,0.00419
1.04666,44.40,135.15,-138.00,2.0933,0.00419
1.04722,44.40,135.15,-138.00,2.0944,0.00419
1.04816,44.32,134.97,-138.18,2.0963,0.00419
1.04816,44.44,135.25,-137.90,2.0963,0.00419
1.04853,44.52,135.44,-137.71,2.0971,0.00419
1.04872,44.64,135.72,-137.43,2.0974,0.00419
1.04928,44.60,135.64,-137.51,2.0986,0.00420
1.04947,44.56,135.54,-137.61,2.0989,0.00420
1.05003,44.60,135.64,-137.51,2.1001,0.00420
1.05041,44.52,135.45,-137.70,2.1008,0.00420
1.05041,44.61,135.65,-137.50,2.1008,0.00420
1.05059,44.68,135.84,-137.31,2.1012,0.00420
1.05153,44.76,136.02,-137.13,2.1031,0.00421
1.05209,44.69,135.84,-137.31,2.1042,0.00421
1.05191,44.88,136.32,-136.83,2.1038,0.00421
1.05247,44.68,135.84,-137.31,2.1049,0.00421
1.05303,44.69,135.85,-137.30,2.1061,0.00421
1.05341,44.85,136.23,-136.92,2.1068,0.00421
1.05378,44.89,136.32,-136.83,2.1076,0.00422
1.05359,44.93,136.43,-136.72,2.1072,0.00421
1.05416,44.89,136.33,-136.82,2.1083,0.00422
1.05453,44.97,136.52,-136.63,2.1091,0.00422
1.05528,45.09,136.81,-136.34,2.1106,0.00422
1.05528,44.89,136.34,-136.81,2.1106,0.00422
1.05566,44.97,136.52,-136.63,2.1113,0.00422
1.05622,45.21,137.10,-136.05,2.1124,0.00422
1.05659,45.13,136.91,-136.24,2.1132,0.00423
1.05641,45.17,137.01,-136.14,2.1128,0.00423
1.05716,45.25,137.19,-135.96,2.1143,0.00423
1.05753,45.21,137.11,-136.04,2.1151,0.00423
1.05828,45.33,137.40,-135.75,2.1166,0.00423
1.05828,45.29,137.31,-135.84,2.1166,0.00423
1.05903,45.29,137.31,-135.84,2.1181,0.00424
1.05941,45.41,137.59,-135.56,2.1188,0.00424
1.05959,45.22,137.13,-136.02,2.1192,0.00424
1.05978,45.37,137.50,-135.65,2.1196,0.00424
1.06053,45.49,137.79,-135.36,2.1211,0.00424
1.06034,45.26,137.23,-135.92,2.1207,0.00424
1.06128,45.50,137.79,-135.36,2.1226,0.00425
1.06166,45.73,138.36,-134.79,2.1233,0.00425
1.06147,45.54,137.89,-135.26,2.1229,0.00425
1.06184,45.46,137.70,-135.45,2.1237,0.00425
1.06241,45.58,137.99,-135.16,2.1248,0.00425
1.06241,45.54,137.91,-135.24,2.1248,0.00425
1.06316,45.66,138.19,-134.96,2.1263,0.00425
1.06297,45.74,138.38,-134.77,2.1259,0.00425
1.06353,45.86,138.67,-134.48,2.1271,0.00425
1.06410,45.70,138.28,-134.87,2.1282,0.00426
1.06428,45.70,138.29,-134.86,2.1286,0.00426
1.06484,45.78,138.49,-134.66,2.1297,0.00426
1.06522,45.78,138.48,-134.67,2.1304,0.00426
1.06503,45.94,138.87,-134.28,2.1301,0.00426
1.06522,45.94,138.87,-134.28,2.1304,0.00426
1.06578,45.79,138.50,-134.65,2.1316,0.00426
1.06653,46.06,139.15,-134.00,2.1331,0.00427
1.06653,46.02,139.05,-134.10,2.1331,0.00427
1.06710,45.98,138.97,-134.18,2.1342,0.00427
1.06785,45.91,138.78,-134.37,2.1357,0.00427
1.06860,46.10,139.25,-133.90,2.1372,0.00427
1.06860,46.14,139.36,-133.79,2.1372,0.00427
1.06860,46.19,139.46,-133.69,2.1372,0.00427
1.06935,46.07,139.17,-133.98,2.1387,0.00428
1.06935,46.15,139.36,-133.79,2.1387,0.00428
1.06991,46.19,139.46,-133.69,2.1398,0.00428
1.06991,46.15,139.37,-133.78,2.1398,0.00428
1.07047,46.39,139.95,-133.20,2.1409,0.00428
1.07085,46.23,139.55,-133.60,2.1417,0.00428
1.07122,46.35,139.86,-133.29,2.1424,0.00428
1.07160,46.35,139.86,-133.29,2.1432,0.00429
1.07197,46.43,140.04,-133.11,2.1439,0.00429
1.07216,46.27,139.67,-133.48,2.1443,0.00429
1.07291,46.43,140.05,-133.10,2.1458,0.00429
1.07291,46.39,139.96,-133.19,2.1458,0.00429
1.07328,46.55,140.34,-132.81,2.1466,0.00429
1.07347,46.40,139.96,-133.19,2.1469,0.00429
1.07422,46.48,140.16,-132.99,2.1484,0.00430
1.07460,46.51,140.24,-132.91,2.1492,0.00430
1.07478,46.71,140.73,-132.42,2.1496,0.00430
1.07535,46.71,140.73,-132.42,2.1507,0.00430
1.07591,46.59,140.44,-132.71,2.1518,0.00430
1.07610,46.80,140.93,-132.22,2.1522,0.00430
1.07685,46.68,140.65,-132.50,2.1537,0.00431
1.07703,46.68,140.65,-132.50,2.1541,0.00431
1.07685,46.64,140.55,-132.60,2.1537,0.00431
1.07760,46.80,140.93,-132.22,2.1552,0.00431
1.07778,46.84,141.03,-132.12,2.1556,0.00431
1.07816,46.72,140.75,-132.40,2.1563,0.00431
1.07891,46.84,141.03,-132.12,2.1578,0.00432
1.07891,46.84,141.04,-132.11,2.1578,0.00432
1.07947,46.88,141.14,-132.01,2.1589,0.00432
1.07985,47.04,141.52,-131.63,2.1597,0.00432
1.08022,47.12,141.71,-131.44,2.1604,0.00432
1.08060,46.97,141.34,-131.81,2.1612,0.00432
1.08097,47.12,141.72,-131.43,2.1619,0.00432
1.08135,47.04,141.53,-131.62,2.1627,0.00433
1.08210,47.16,141.82,-131.33,2.1642,0.00433
1.08228,47.13,141.72,-131.43,2.1646,0.00433
1.08191,47.16,141.82,-131.33,2.1638,0.00433
1.08266,47.21,141.92,-131.23,2.1653,0.00433
1.08303,47.25,142.01,-131.14,2.1661,0.00433
1.08341,47.17,141.82,-131.33,2.1668,0.00433
1.08416,47.25,142.02,-131.13,2.1683,0.00434
1.08453,47.25,142.02,-131.13,2.1691,0.00434
1.08453,47.25,142.02,-131.13,2.1691,0.00434
1.08510,47.37,142.31,-130.84,2.1702,0.00434
1.08491,47.33,142.22,-130.93,2.1698,0.00434
1.08566,47.41,142.41,-130.74,2.1713,0.00434
1.08603,47.45,142.51,-130.64,2.1721,0.00434
1.08641,47.49,142.61,-130.54,2.1728,0.00435
1.08678,47.49,142.61,-130.54,2.1736,0.00435
1.08697,47.49,142.60,-130.55,2.1739,0.00435
1.08716,47.69,143.08,-130.07,2.1743,0.00435
1.08772,47.54,142.71,-130.44,2.1754,0.00435
1.08772,47.57,142.80,-130.35,2.1754,0.00435
1.08847,47.69,143.08,-130.07,2.1769,0.00435
1.08885,47.69,143.08,-130.07,2.1777,0.00436
1.08903,47.66,143.00,-130.15,2.1781,0.00436
1.08941,47.78,143.29,-129.86,2.1788,0.00436
1.08978,47.66,143.00,-130.15,2.1796,0.00436
1.09016,47.86,143.48,-129.67,2.1803,0.00436
1.09035,47.85,143.48,-129.67,2.1807,0.00436
1.09072,47.85,143.48,-129.67,2.1814,0.00436
1.09110,47.78,143.30,-129.85,2.1822,0.00436
1.09147,47.94,143.69,-129.46,2.1829,0.00437
1.09185,47.82,143.40,-129.75,2.1837,0.00437
1.09222,47.82,143.39,-129.76,2.1844,0.00437
1.09260,47.98,143.79,-129.36,2.1852,0.00437
1.09260,47.86,143.50,-129.65,2.1852,0.00437
1.09278,48.02,143.88,-129.27,2.1856,0.00437
1.09335,48.02,143.88,-129.27,2.1867,0.00437
1.09372,48.06,143.98,-129.17,2.1874,0.00437
1.09391,48.10,144.08,-129.07,2.1878,0.00438
1.09428,48.10,144.08,-129.07,2.1886,0.00438
1.09447,48.06,143.98,-129.17,2.1889,0.00438
1.09541,47.94,143.69,-129.46,2.1908,0.00438
1.09541,48.11,144.09,-129.06,2.1908,0.00438
1.09578,48.15,144.18,-128.97,2.1916,0.00438
1.09578,48.27,144.48,-128.67,2.1916,0.00438
1.09672,48.27,144.47,-128.68,2.1934,0.00439
1.09653,48.31,144.57,-128.58,2.1931,0.00439
1.09728,48.31,144.58,-128.57,2.1946,0.00439
1.09766,48.27,144.48,-128.67,2.1953,0.00439
1.09785,48.35,144.67,-128.48,2.1957,0.00439
1.09822,48.47,144.96,-128.19,2.1964,0.00439
1.09860,48.47,144.96,-128.19,2.1972,0.00439
1.09878,48.35,144.68,-128.47,2.1976,0.00440
1.09953,48.31,144.58,-128.57,2.1991,0.00440
1.09972,48.59,145.26,-127.89,2.1994,0.00440
1.10028,48.39,144.78,-128.37,2.2006,0.00440
1.10066,48.48,144.98,-128.17,2.2013,0.00440
1.10066,48.63,145.36,-127.79,2.2013,0.00440
1.10122,48.55,145.16,-127.99,2.2024,0.00440
1.10141,48.63,145.35,-127.80,2.2028,0.00441
1.10216,48.80,145.75,-127.40,2.2043,0.00441
1.10235,48.75,145.65,-127.50,2.2047,0.00441
1.10253,48.67,145.45,-127.70,2.2051,0.00441
1.10272,48.84,145.85,-127.30,2.2054,0.00441
1.10291,48.72,145.56,-127.59,2.2058,0.00441
1.10328,48.79,145.74,-127.41,2.2066,0.00441
1.10403,48.80,145.76,-127.39,2.2081,0.00442
1.10460,48.72,145.57,-127.58,2.2092,0.00442
1.10460,48.84,145.86,-127.29,2.2092,0.00442
1.10460,48.84,145.86,-127.29,2.2092,0.00442
1.10535,48.88,145.95,-127.20,2.2107,0.00442
1.10553,49.05,146.35,-126.80,2.2111,0.00442
1.10628,49.00,146.25,-126.90,2.2126,0.00443
1.10647,49.04,146.34,-126.81,2.2129,0.00443
1.10647,49.05,146.35,-126.80,2.2129,0.00443
1.10722,49.00,146.25,-126.90,2.2144,0.00443
1.10741,49.05,146.35,-126.80,2.2148,0.00443
1.10778,49.09,146.45,-126.70,2.2156,0.00443
1.10797,49.17,146.65,-126.50,2.2159,0.00443
1.10853,49.09,146.45,-126.70,2.2171,0.00443
1.10853,49.25,146.83,-126.32,2.2171,0.00443
1.10910,49.21,146.74,-126.41,2.2182,0.00444
1.10910,49.25,146.84,-126.31,2.2182,0.00444
1.10966,49.25,146.83,-126.32,2.2193,0.00444
1.11003,49.29,146.94,-126.21,2.2201,0.00444
1.11003,49.33,147.04,-126.11,2.2201,0.00444
1.11022,49.33,147.03,-126.12,2.2204,0.00444
1.11078,49.29,146.93,-126.22,2.2216,0.00444
1.11097,49.33,147.03,-126.12,2.2219,0.00444
1.11153,49.48,147.40,-125.75,2.2231,0.00445
1.11135,49.45,147.32,-125.83,2.2227,0.00445
1.11191,49.41,147.23,-125.92,2.2238,0.00445
1.11210,49.37,147.13,-126.02,2.2242,0.00445
1.11247,49.53,147.52,-125.63,2.2249,0.00445
1.11247,49.69,147.90,-125.25,2.2249,0.00445
1.11303,49.53,147.51,-125.64,2.2261,0.00445
1.11360,49.54,147.53,-125.62,2.2272,0.00445
1.11341,49.50,147.44,-125.71,2.2268,0.00445
1.11397,49.66,147.82,-125.33,2.2279,0.00446
1.11416,49.81,148.20,-124.95,2.2283,0.00446
1.11491,49.78,148.12,-125.03,2.2298,0.00446
1.11528,49.66,147.83,-125.32,2.2306,0.00446
1.11547,49.70,147.92,-125.23,2.2309,0.00446
1.11566,49.54,147.54,-125.61,2.2313,0.00446
1.11585,49.82,148.22,-124.93,2.2317,0.00446
1.11603,49.78,148.13,-125.02,2.2321,0.00446
1.11603,50.02,148.69,-124.46,2.2321,0.00446
1.11678,49.86,148.32,-124.83,2.2336,0.00447
1.11716,49.75,148.04,-125.11,2.2343,0.00447
1.11735,49.98,148.61,-124.54,2.2347,0.00447
1.11772,49.94,148.52,-124.63,2.2354,0.00447
1.11828,49.95,148.52,-124.63,2.2366,0.00447
1.11791,49.99,148.62,-124.53,2.2358,0.00447
1.11847,50.06,148.80,-124.35,2.2369,0.00447
1.11903,50.14,149.00,-124.15,2.2381,0.00448
1.11922,50.07,148.81,-124.34,2.2384,0.00448
1.11922,50.07,148.82,-124.33,2.2384,0.00448
1.11960,50.07,148.81,-124.34,2.2392,0.00448
1.12016,50.07,148.82,-124.33,2.2403,0.00448
1.12053,50.07,148.83,-124.32,2.2411,0.00448
1.12053,50.15,149.02,-124.13,2.2411,0.00448
1.12091,50.19,149.11,-124.04,2.2418,0.00448
1.12128,50.23,149.20,-123.95,2.2426,0.00449
1.12128,50.19,149.11,-124.04,2.2426,0.00449
1.12203,50.31,149.40,-123.75,2.2441,0.00449
1.12222,50.19,149.11,-124.04,2.2444,0.00449
1.12241,50.24,149.22,-123.93,2.2448,0.00449
1.12278,50.44,149.70,-123.45,2.2456,0.00449
1.12297,50.40,149.60,-123.55,2.2459,0.00449
1.12278,50.44,149.70,-123.45,2.2456,0.00449
1.12316,50.43,149.70,-123.45,2.2463,0.00449
1.12391,50.44,149.71,-123.44,2.2478,0.00450
1.12447,50.56,149.99,-123.16,2.2489,0.00450
1.12410,50.48,149.80,-123.35,2.2482,0.00450
1.12503,50.60,150.09,-123.06,2.2501,0.00450