-0.00019,21.60,80.19,-192.96,-0.0004,0.00000
0.00000,21.87,80.85,-192.30,0.0000,0.00000
-0.00038,22.06,81.32,-191.83,-0.0008,0.00000
-0.00019,22.03,81.23,-191.92,-0.0004,0.00000
0.00000,22.33,81.97,-191.18,0.0000,0.00000
-0.00038,22.45,82.26,-190.89,-0.0008,0.00000
0.00019,22.57,82.54,-190.61,0.0004,0.00000
-0.00019,22.76,83.01,-190.14,-0.0004,0.00000
0.00019,22.88,83.29,-189.86,0.0004,0.00000
-0.00038,22.96,83.48,-189.67,-0.0008,0.00000
-0.00019,23.11,83.86,-189.29,-0.0004,0.00000
-0.00038,23.35,84.42,-188.73,-0.0008,0.00000
-0.00019,23.50,84.79,-188.36,-0.0004,0.00000
0.00000,23.65,85.15,-188.00,0.0000,0.00000
0.00000,23.77,85.44,-187.71,0.0000,0.00000
0.00019,23.77,85.44,-187.71,0.0004,0.00000
-0.00019,23.81,85.54,-187.61,-0.0004,0.00000
-0.00019,23.97,85.92,-187.23,-0.0004,0.00000
-0.00038,23.97,85.92,-187.23,-0.0008,0.00000
-0.00056,24.24,86.57,-186.58,-0.0011,0.00000
0.00000,24.36,86.85,-186.30,0.0000,0.00000
-0.00019,24.40,86.95,-186.20,-0.0004,0.00000
0.00000,24.56,87.33,-185.82,0.0000,0.00000
-0.00019,24.67,87.61,-185.54,-0.0004,0.00000
-0.00038,24.71,87.70,-185.45,-0.0008,0.00000
-0.00019,24.79,87.89,-185.26,-0.0004,0.00000
0.00019,24.67,87.62,-185.53,0.0004,0.00000
0.00000,24.91,88.18,-184.97,0.0000,0.00000
-0.00038,25.06,88.55,-184.60,-0.0008,0.00000
-0.00056,25.14,88.74,-184.41,-0.0011,0.00000
-0.00019,25.18,88.83,-184.32,-0.0004,0.00000
0.00000,25.26,89.03,-184.12,0.0000,0.00000
0.00000,25.49,89.58,-183.57,0.0000,0.00000
-0.00019,25.38,89.31,-183.84,-0.0004,0.00000
-0.00019,25.38,89.31,-183.84,-0.0004,0.00000
-0.00056,25.65,89.96,-183.19,-0.0011,0.00000
-0.00038,25.69,90.06,-183.09,-0.0008,0.00000
0.00000,25.80,90.34,-182.81,0.0000,0.00000
0.00000,25.88,90.53,-182.62,0.0000,0.00000
-0.00019,26.04,90.90,-182.25,-0.0004,0.00000
0.00075,26.16,91.19,-181.96,0.0015,0.00000
0.00056,26.12,91.10,-182.05,0.0011,0.00000
0.00075,26.27,91.47,-181.68,0.0015,0.00000
0.00056,26.31,91.56,-181.59,0.0011,0.00000
0.00075,26.43,91.85,-181.30,0.0015,0.00000
0.00075,26.47,91.94,-181.21,0.0015,0.00000
0.00075,26.51,92.04,-181.11,0.0015,0.00000
0.00131,26.63,92.32,-180.83,0.0026,0.00001
0.00131,26.71,92.51,-180.64,0.0026,0.00001
0.00206,26.78,92.70,-180.45,0.0041,0.00001
0.00169,26.71,92.51,-180.64,0.0034,0.00001
0.00113,27.09,93.44,-179.71,0.0023,0.00000
0.00131,27.10,93.45,-179.70,0.0026,0.00001
0.00206,26.98,93.18,-179.97,0.0041,0.00001
0.00225,27.14,93.55,-179.60,0.0045,0.00001
0.00281,27.14,93.55,-179.60,0.0056,0.00001
0.00281,27.45,94.30,-178.85,0.0056,0.00001
0.00338,27.41,94.21,-178.94,0.0068,0.00001
0.00338,27.41,94.22,-178.93,0.0068,0.00001
0.00375,27.45,94.31,-178.84,0.0075,0.00002
0.00394,27.61,94.68,-178.47,0.0079,0.00002
0.00450,27.57,94.59,-178.56,0.0090,0.00002
0.00469,27.80,95.15,-178.00,0.0094,0.00002
0.00525,27.76,95.06,-178.09,0.0105,0.00002
0.00600,27.77,95.06,-178.09,0.0120,0.00002
0.00656,28.11,95.90,-177.25,0.0131,0.00003
0.00694,28.00,95.63,-177.52,0.0139,0.00003
0.00750,28.00,95.64,-177.51,0.0150,0.00003
0.00788,28.04,95.73,-177.42,0.0158,0.00003
0.00881,28.20,96.10,-177.05,0.0176,0.00004
0.00956,28.35,96.48,-176.67,0.0191,0.00004
0.00975,28.35,96.48,-176.67,0.0195,0.00004
0.01050,28.43,96.67,-176.48,0.0210,0.00004
0.01125,28.40,96.58,-176.57,0.0225,0.00005
0.01200,28.51,96.86,-176.29,0.0240,0.00005
0.01256,28.67,97.24,-175.91,0.0251,0.00005
0.01369,28.67,97.24,-175.91,0.0274,0.00005
0.01444,28.82,97.62,-175.53,0.0289,0.00006
0.01575,28.79,97.53,-175.62,0.0315,0.00006
0.01706,28.87,97.72,-175.43,0.0341,0.00007
0.01856,28.87,97.72,-175.43,0.0371,0.00007
0.01969,28.95,97.91,-175.24,0.0394,0.00008
0.02063,29.02,98.09,-175.06,0.0413,0.00008
0.02231,29.22,98.57,-174.58,0.0446,0.00009
0.02363,29.14,98.38,-174.77,0.0473,0.00009
0.02531,29.45,99.13,-174.02,0.0506,0.00010
0.02756,29.45,99.13,-174.02,0.0551,0.00011
0.02906,29.45,99.13,-174.02,0.0581,0.00012
0.03075,29.53,99.33,-173.83,0.0615,0.00012
0.03263,29.61,99.51,-173.64,0.0653,0.00013
0.03450,29.65,99.61,-173.54,0.0690,0.00014
0.03638,29.73,99.80,-173.35,0.0728,0.00015
0.03844,29.66,99.62,-173.53,0.0769,0.00015
0.04125,29.66,99.62,-173.53,0.0825,0.00017
0.04350,29.85,100.08,-173.07,0.0870,0.00017
0.04669,29.85,100.10,-173.05,0.0934,0.00019
0.04913,29.93,100.29,-172.86,0.0983,0.00020
0.05231,30.05,100.57,-172.58,0.1046,0.00021
0.05531,30.17,100.85,-172.30,0.1106,0.00022
0.05794,30.32,101.23,-171.92,0.1159,0.00023
0.06150,30.24,101.04,-172.11,0.1230,0.00025
0.06488,30.25,101.04,-172.11,0.1298,0.00026
0.06844,30.33,101.23,-171.92,0.1369,0.00027
0.07238,30.60,101.89,-171.26,0.1448,0.00029
0.07594,30.48,101.61,-171.54,0.1519,0.00030
0.07931,30.64,101.99,-171.16,0.1586,0.00032
0.08344,30.56,101.81,-171.34,0.1669,0.00033
0.08738,30.80,102.37,-170.78,0.1748,0.00035
0.09132,30.80,102.37,-170.78,0.1826,0.00037
0.09582,30.76,102.28,-170.87,0.1916,0.00038
0.10050,30.80,102.38,-170.77,0.2010,0.00040
0.10463,30.92,102.66,-170.49,0.2093,0.00042
0.10988,30.95,102.75,-170.40,0.2198,0.00044
0.11494,31.15,103.22,-169.93,0.2299,0.00046
0.12019,31.11,103.13,-170.02,0.2404,0.00048
0.12507,31.27,103.51,-169.64,0.2501,0.00050
0.13050,31.31,103.61,-169.54,0.2610,0.00052
0.13613,31.39,103.80,-169.35,0.2723,0.00054
0.14100,31.39,103.80,-169.35,0.2820,0.00056
0.14775,31.47,103.99,-169.16,0.2955,0.00059
0.15357,31.51,104.09,-169.06,0.3071,0.00061
0.15975,31.63,104.37,-168.78,0.3195,0.00064
0.16557,31.55,104.18,-168.97,0.3311,0.00066
0.17176,31.67,104.47,-168.68,0.3435,0.00069
0.17719,31.74,104.65,-168.50,0.3544,0.00071
0.18338,31.78,104.75,-168.40,0.3668,0.00073
0.18901,31.87,104.95,-168.20,0.3780,0.00076
0.19482,31.94,105.13,-168.02,0.3896,0.00078
0.20176,32.06,105.42,-167.73,0.4035,0.00081
0.20832,31.94,105.14,-168.01,0.4166,0.00083
0.21507,32.14,105.61,-167.54,0.4301,0.00086
0.22163,32.22,105.80,-167.35,0.4433,0.00089
0.22857,32.14,105.61,-167.54,0.4571,0.00091
0.23494,32.30,105.99,-167.16,0.4699,0.00094
0.24207,32.26,105.90,-167.25,0.4841,0.00097
0.24845,32.50,106.47,-166.68,0.4969,0.00099
0.25557,32.50,106.47,-166.68,0.5111,0.00102
0.26213,32.42,106.29,-166.86,0.5243,0.00105
0.27001,32.66,106.85,-166.30,0.5400,0.00108
0.27695,32.65,106.85,-166.30,0.5539,0.00111
0.28482,32.50,106.48,-166.67,0.5696,0.00114
0.29176,32.58,106.67,-166.48,0.5835,0.00117
0.29982,32.66,106.86,-166.29,0.5996,0.00120
0.30732,32.89,107.42,-165.73,0.6146,0.00123
0.31482,32.89,107.43,-165.72,0.6296,0.00126
0.32326,33.17,108.08,-165.07,0.6465,0.00129
0.33151,32.98,107.62,-165.53,0.6630,0.00133
0.33976,33.01,107.71,-165.44,0.6795,0.00136
0.34914,33.09,107.90,-165.25,0.6983,0.00140
0.35776,33.02,107.72,-165.43,0.7155,0.00143
0.36676,33.10,107.91,-165.24,0.7335,0.00147
0.37576,33.14,108.01,-165.14,0.7515,0.00150
0.38495,33.29,108.39,-164.76,0.7699,0.00154
0.39414,33.37,108.57,-164.58,0.7883,0.00158
0.40370,33.41,108.67,-164.48,0.8074,0.00161
0.41364,33.53,108.95,-164.20,0.8273,0.00165
0.42395,33.45,108.77,-164.38,0.8479,0.00170
0.43389,33.61,109.14,-164.01,0.8678,0.00174
0.44420,33.53,108.96,-164.19,0.8884,0.00178
0.45433,33.73,109.43,-163.72,0.9087,0.00182
0.46445,33.84,109.71,-163.44,0.9289,0.00186
0.47476,33.73,109.43,-163.72,0.9495,0.00190
0.48620,33.85,109.72,-163.43,0.9724,0.00194
0.49745,33.93,109.91,-163.24,0.9949,0.00199
0.50852,33.93,109.91,-163.24,1.0170,0.00203
0.51939,33.97,110.01,-163.14,1.0388,0.00208
0.52933,34.12,110.39,-162.76,1.0587,0.00212
0.53927,34.20,110.58,-162.57,1.0785,0.00216
0.54939,34.04,110.18,-162.97,1.0988,0.00220
0.55839,34.35,110.93,-162.22,1.1168,0.00223
0.56739,34.43,111.12,-162.03,1.1348,0.00227
0.57677,34.24,110.66,-162.49,1.1535,0.00231
0.58614,34.55,111.42,-161.73,1.1723,0.00234
0.59664,34.24,110.67,-162.48,1.1933,0.00239
0.60639,34.44,111.15,-162.00,1.2128,0.00243
0.61596,34.60,111.52,-161.63,1.2319,0.00246
0.62421,34.40,111.05,-162.10,1.2484,0.00250
0.63208,34.63,111.62,-161.53,1.2642,0.00253
0.63996,34.68,111.73,-161.42,1.2799,0.00256
0.64839,34.72,111.83,-161.32,1.2968,0.00259
0.65646,34.72,111.83,-161.32,1.3129,0.00263
0.66433,34.77,111.93,-161.22,1.3287,0.00266
0.67146,34.84,112.12,-161.03,1.3429,0.00269
0.67821,35.04,112.59,-160.56,1.3564,0.00271
0.68421,35.00,112.50,-160.65,1.3684,0.00274
0.69002,35.00,112.51,-160.64,1.3800,0.00276
0.69527,35.16,112.88,-160.27,1.3905,0.00278
0.70090,35.12,112.80,-160.35,1.4018,0.00280
0.70596,35.16,112.90,-160.25,1.4119,0.00282
0.71140,35.28,113.18,-159.97,1.4228,0.00285
0.71571,35.24,113.09,-160.06,1.4314,0.00286
0.72058,35.28,113.19,-159.96,1.4412,0.00288
0.72471,35.40,113.47,-159.68,1.4494,0.00290
0.72883,35.44,113.56,-159.59,1.4577,0.00292
0.73333,35.48,113.67,-159.48,1.4667,0.00293
0.73671,35.44,113.57,-159.58,1.4734,0.00295
0.74065,35.72,114.23,-158.92,1.4813,0.00296
0.74384,35.56,113.85,-159.30,1.4877,0.00298
0.74759,35.68,114.13,-159.02,1.4952,0.00299
0.75077,35.99,114.89,-158.26,1.5015,0.00300
0.75396,35.64,114.05,-159.10,1.5079,0.00302
0.75696,35.88,114.62,-158.53,1.5139,0.00303
0.75977,35.96,114.81,-158.34,1.5195,0.00304
0.76221,36.00,114.90,-158.25,1.5244,0.00305
0.76484,36.00,114.91,-158.24,1.5297,0.00306
0.76671,36.08,115.09,-158.06,1.5334,0.00307
0.76915,36.31,115.66,-157.49,1.5383,0.00308
0.77140,36.12,115.20,-157.95,1.5428,0.00309
0.77346,36.27,115.57,-157.58,1.5469,0.00309
0.77552,36.36,115.77,-157.38,1.5510,0.00310
0.77759,36.40,115.86,-157.29,1.5552,0.00311
0.77909,36.40,115.86,-157.29,1.5582,0.00312
0.78040,36.44,115.96,-157.19,1.5608,0.00312
0.78246,36.56,116.25,-156.90,1.5649,0.00313
0.78377,36.59,116.34,-156.81,1.5675,0.00314
0.78565,36.56,116.26,-156.89,1.5713,0.00314
0.78734,36.60,116.35,-156.80,1.5747,0.00315
0.78884,36.64,116.45,-156.70,1.5777,0.00316
0.79034,36.68,116.55,-156.60,1.5807,0.00316
0.79202,36.76,116.74,-156.41,1.5840,0.00317
0.79409,36.84,116.93,-156.22,1.5882,0.00318
0.79634,36.95,117.20,-155.95,1.5927,0.00319
0.79840,36.91,117.11,-156.04,1.5968,0.00319
0.80046,37.03,117.39,-155.76,1.6009,0.00320
0.80159,36.95,117.20,-155.95,1.6032,0.00321
0.80365,36.99,117.30,-155.85,1.6073,0.00321
0.80534,37.12,117.60,-155.55,1.6107,0.00322
0.80721,37.08,117.51,-155.64,1.6144,0.00323
0.80927,37.28,117.98,-155.17,1.6185,0.00324
0.81059,37.16,117.71,-155.44,1.6212,0.00324
0.81246,37.20,117.79,-155.36,1.6249,0.00325
0.81377,37.39,118.27,-154.88,1.6275,0.00326
0.81527,37.40,118.28,-154.87,1.6305,0.00326
0.81659,37.48,118.47,-154.68,1.6332,0.00327
0.81734,37.44,118.38,-154.77,1.6347,0.00327
0.81884,37.56,118.66,-154.49,1.6377,0.00328
0.81996,37.60,118.75,-154.40,1.6399,0.00328
0.82128,37.67,118.94,-154.21,1.6426,0.00329
0.82278,37.60,118.75,-154.40,1.6456,0.00329
0.82390,37.72,119.04,-154.11,1.6478,0.00330
0.82428,37.84,119.34,-153.81,1.6486,0.00330
0.82578,37.92,119.53,-153.62,1.6516,0.00330
0.82596,37.99,119.72,-153.43,1.6519,0.00330
0.82746,38.00,119.72,-153.43,1.6549,0.00331
0.82878,37.96,119.62,-153.53,1.6576,0.00332
0.82971,38.00,119.73,-153.42,1.6594,0.00332
0.83046,38.19,120.20,-152.95,1.6609,0.00332
0.83178,38.23,120.29,-152.86,1.6636,0.00333
0.83271,38.24,120.30,-152.85,1.6654,0.00333
0.83346,38.20,120.21,-152.94,1.6669,0.00333
0.83459,38.28,120.40,-152.75,1.6692,0.00334
0.83534,38.32,120.50,-152.65,1.6707,0.00334
0.83590,38.28,120.41,-152.74,1.6718,0.00334
0.83703,38.48,120.88,-152.27,1.6741,0.00335
0.83721,38.40,120.69,-152.46,1.6744,0.00335
0.83796,38.48,120.88,-152.27,1.6759,0.00335
0.83871,38.48,120.89,-152.26,1.6774,0.00335
0.83928,38.64,121.27,-151.88,1.6786,0.00336
0.84078,38.64,121.27,-151.88,1.6816,0.00336
0.84115,38.76,121.56,-151.59,1.6823,0.00336
0.84171,38.76,121.56,-151.59,1.6834,0.00337
0.84284,38.92,121.94,-151.21,1.6857,0.00337
0.84340,38.88,121.85,-151.30,1.6868,0.00337
0.84434,38.88,121.85,-151.30,1.6887,0.00338
0.84509,38.92,121.95,-151.20,1.6902,0.00338
0.84528,38.92,121.95,-151.20,1.6906,0.00338
0.84603,39.04,122.24,-150.91,1.6921,0.00338
0.84678,39.24,122.72,-150.43,1.6936,0.00339
0.84753,39.04,122.25,-150.90,1.6951,0.00339
0.84865,39.28,122.81,-150.34,1.6973,0.00339
0.84940,39.20,122.62,-150.53,1.6988,0.00340
0.84996,39.32,122.91,-150.24,1.6999,0.00340
0.85071,39.28,122.82,-150.33,1.7014,0.00340
0.85146,39.36,123.02,-150.13,1.7029,0.00341
0.85221,39.44,123.20,-149.95,1.7044,0.00341
0.85278,39.48,123.30,-149.85,1.7056,0.00341
0.85390,39.49,123.31,-149.84,1.7078,0.00342
0.85465,39.68,123.79,-149.36,1.7093,0.00342
0.85503,39.60,123.59,-149.56,1.7101,0.00342
0.85559,39.64,123.69,-149.46,1.7112,0.00342
0.85653,39.76,123.97,-149.18,1.7131,0.00343
0.85709,39.76,123.98,-149.17,1.7142,0.00343
0.85803,39.80,124.08,-149.07,1.7161,0.00343
0.85840,40.00,124.55,-148.60,1.7168,0.00343
0.85915,39.80,124.08,-149.07,1.7183,0.00344
0.85990,39.81,124.08,-149.07,1.7198,0.00344
0.86103,39.96,124.46,-148.69,1.7221,0.00344
0.86140,39.92,124.37,-148.78,1.7228,0.00345
0.86253,40.08,124.75,-148.40,1.7251,0.00345
0.86328,40.04,124.66,-148.49,1.7266,0.00345
0.86328,40.17,124.95,-148.20,1.7266,0.00345
0.86421,40.13,124.85,-148.30,1.7284,0.00346
0.86459,40.17,124.95,-148.20,1.7292,0.00346
0.86553,40.32,125.33,-147.82,1.7311,0.00346
0.86684,40.13,124.86,-148.29,1.7337,0.00347
0.86740,40.29,125.24,-147.91,1.7348,0.00347
0.86834,40.40,125.52,-147.63,1.7367,0.00347
0.86909,40.37,125.43,-147.72,1.7382,0.00348
0.86984,40.41,125.53,-147.62,1.7397,0.00348
0.87003,40.56,125.91,-147.24,1.7401,0.00348
0.87078,40.60,126.00,-147.15,1.7416,0.00348
0.87134,40.53,125.82,-147.33,1.7427,0.00349
0.87190,40.72,126.29,-146.86,1.7438,0.00349
0.87246,40.61,126.01,-147.14,1.7449,0.00349
0.87284,40.81,126.49,-146.66,1.7457,0.00349
0.87359,40.73,126.31,-146.84,1.7472,0.00349
0.87434,40.93,126.78,-146.37,1.7487,0.00350
0.87509,40.89,126.69,-146.46,1.7502,0.00350
0.87490,40.81,126.50,-146.65,1.7498,0.00350
0.87584,40.93,126.79,-146.36,1.7517,0.00350
0.87659,40.81,126.50,-146.65,1.7532,0.00351
0.87715,40.93,126.80,-146.35,1.7543,0.00351
0.87771,40.97,126.89,-146.26,1.7554,0.00351
0.87809,41.13,127.27,-145.88,1.7562,0.00351
0.87903,41.09,127.18,-145.97,1.7581,0.00352
0.87903,41.06,127.10,-146.05,1.7581,0.00352
0.87996,41.21,127.47,-145.68,1.7599,0.00352
0.88071,41.17,127.37,-145.78,1.7614,0.00352
0.88109,41.37,127.86,-145.29,1.7622,0.00352
0.88146,41.29,127.67,-145.48,1.7629,0.00353
0.88240,41.37,127.86,-145.29,1.7648,0.00353
0.88278,41.41,127.95,-145.20,1.7656,0.00353
0.88353,41.42,127.96,-145.19,1.7671,0.00353
0.88428,41.42,127.96,-145.19,1.7686,0.00354
0.88465,41.57,128.34,-144.81,1.7693,0.00354
0.88465,41.58,128.35,-144.80,1.7693,0.00354
0.88578,41.50,128.16,-144.99,1.7716,0.00354
0.88671,41.58,128.35,-144.80,1.7734,0.00355
0.88690,41.73,128.73,-144.42,1.7738,0.00355
0.88746,41.78,128.83,-144.32,1.7749,0.00355
0.88803,41.70,128.64,-144.51,1.7761,0.00355
0.88840,41.93,129.21,-143.94,1.7768,0.00355
0.88878,41.86,129.03,-144.12,1.7776,0.00356
0.88953,41.86,129.03,-144.12,1.7791,0.00356
0.88990,41.93,129.21,-143.94,1.7798,0.00356
0.89046,41.77,128.83,-144.32,1.7809,0.00356
0.89121,42.06,129.51,-143.64,1.7824,0.00356
0.89178,42.06,129.51,-143.64,1.7836,0.00357
0.89215,42.06,129.51,-143.64,1.7843,0.00357
0.89290,42.18,129.80,-143.35,1.7858,0.00357
0.89271,42.10,129.61,-143.54,1.7854,0.00357
0.89384,42.18,129.80,-143.35,1.7877,0.00358
0.89459,42.18,129.80,-143.35,1.7892,0.00358
0.89440,42.30,130.09,-143.06,1.7888,0.00358
0.89534,42.23,129.92,-143.23,1.7907,0.00358
0.89590,42.34,130.19,-142.96,1.7918,0.00358
0.89665,42.34,130.20,-142.95,1.7933,0.00359
0.89703,42.50,130.58,-142.57,1.7941,0.00359
0.89759,42.46,130.48,-142.67,1.7952,0.00359
0.89796,42.42,130.39,-142.76,1.7959,0.00359
0.89871,42.58,130.77,-142.38,1.7974,0.00359
0.89909,42.66,130.96,-142.19,1.7982,0.00360
0.89984,42.58,130.77,-142.38,1.7997,0.00360
0.90022,42.59,130.78,-142.37,1.8004,0.00360
0.90078,42.75,131.17,-141.98,1.8016,0.00360
0.90115,42.70,131.07,-142.08,1.8023,0.00360
0.90153,42.83,131.36,-141.79,1.8031,0.00361
0.90247,42.67,130.98,-142.17,1.8049,0.00361
0.90284,42.83,131.36,-141.79,1.8057,0.00361
0.90303,42.87,131.46,-141.69,1.8061,0.00361
0.90378,43.06,131.93,-141.22,1.8076,0.00362
0.90397,42.95,131.65,-141.50,1.8079,0.00362
0.90490,42.95,131.65,-141.50,1.8098,0.00362
0.90603,43.11,132.04,-141.11,1.8121,0.00362
0.90584,43.15,132.13,-141.02,1.8117,0.00362
0.90659,43.11,132.04,-141.11,1.8132,0.00363
0.90678,43.07,131.95,-141.20,1.8136,0.00363
0.90734,43.23,132.34,-140.81,1.8147,0.00363
0.90790,43.11,132.05,-141.10,1.8158,0.00363
0.90865,43.19,132.24,-140.91,1.8173,0.00363
0.90922,43.27,132.43,-140.72,1.8184,0.00364
0.90922,43.27,132.44,-140.71,1.8184,0.00364
0.91034,43.31,132.53,-140.62,1.8207,0.00364
0.91053,43.51,133.01,-140.14,1.8211,0.00364
0.91072,43.43,132.82,-140.33,1.8214,0.00364
0.91128,43.43,132.82,-140.33,1.8226,0.00365
0.91203,43.52,133.02,-140.13,1.8241,0.00365
0.91240,43.56,133.12,-140.03,1.8248,0.00365
0.91297,43.67,133.41,-139.74,1.8259,0.00365
0.91334,43.71,133.48,-139.67,1.8267,0.00365
0.91390,43.59,133.21,-139.94,1.8278,0.00366
0.91465,43.68,133.41,-139.74,1.8293,0.00366
0.91484,43.68,133.41,-139.74,1.8297,0.00366
0.91540,43.64,133.32,-139.83,1.8308,0.00366
0.91634,43.80,133.71,-139.44,1.8327,0.00367
0.91634,43.80,133.71,-139.44,1.8327,0.00367
0.91728,44.04,134.28,-138.87,1.8346,0.00367
0.91765,43.84,133.81,-139.34,1.8353,0.00367
0.91822,43.88,133.91,-139.24,1.8364,0.00367
0.91859,44.04,134.28,-138.87,1.8372,0.00367
0.91915,43.88,133.91,-139.24,1.8383,0.00368
0.91934,44.04,134.29,-138.86,1.8387,0.00368
0.92009,43.96,134.11,-139.04,1.8402,0.00368
0.92028,44.08,134.39,-138.76,1.8406,0.00368
0.92103,44.12,134.49,-138.66,1.8421,0.00368
0.92159,44.16,134.57,-138.58,1.8432,0.00369
0.92197,44.24,134.77,-138.38,1.8439,0.00369
0.92290,44.24,134.78,-138.37,1.8458,0.00369
0.92309,44.44,135.26,-137.89,1.8462,0.00369
0.92384,44.44,135.26,-137.89,1.8477,0.00370
0.92384,44.25,134.79,-138.36,1.8477,0.00370
0.92422,44.52,135.45,-137.70,1.8484,0.00370
0.92478,44.49,135.36,-137.79,1.8496,0.00370
0.92515,44.53,135.47,-137.68,1.8503,0.00370
0.92572,44.45,135.27,-137.88,1.8514,0.00370
0.92609,44.45,135.27,-137.88,1.8522,0.00370
0.92684,44.49,135.37,-137.78,1.8537,0.00371
0.92665,44.53,135.47,-137.68,1.8533,0.00371
0.92740,44.73,135.95,-137.20,1.8548,0.00371
0.92834,44.61,135.67,-137.48,1.8567,0.00371
0.92872,44.69,135.86,-137.29,1.8574,0.00371
0.92890,44.89,136.33,-136.82,1.8578,0.00372
0.92984,44.77,136.05,-137.10,1.8597,0.00372
0.93022,44.85,136.24,-136.91,1.8604,0.00372
0.93059,44.97,136.53,-136.62,1.8612,0.00372
0.93078,44.77,136.06,-137.09,1.8616,0.00372
0.93134,44.85,136.25,-136.90,1.8627,0.00373
0.93172,45.01,136.63,-136.52,1.8634,0.00373
0.93247,45.06,136.73,-136.42,1.8649,0.00373
0.93265,45.14,136.93,-136.22,1.8653,0.00373
0.93284,45.13,136.92,-136.23,1.8657,0.00373
0.93359,45.10,136.84,-136.31,1.8672,0.00373
0.93415,45.14,136.93,-136.22,1.8683,0.00374
0.93509,45.18,137.02,-136.13,1.8702,0.00374
0.93528,45.14,136.93,-136.22,1.8706,0.00374
0.93565,45.26,137.22,-135.93,1.8713,0.00374
0.93640,45.14,136.94,-136.21,1.8728,0.00375
0.93678,45.30,137.32,-135.83,1.8736,0.00375
0.93697,45.38,137.52,-135.63,1.8739,0.00375
0.93772,45.50,137.80,-135.35,1.8754,0.00375
0.93809,45.22,137.14,-136.01,1.8762,0.00375
0.93847,45.42,137.62,-135.53,1.8769,0.00375
0.93903,45.46,137.71,-135.44,1.8781,0.00376
0.93940,45.58,138.00,-135.15,1.8788,0.00376
0.93997,45.50,137.81,-135.34,1.8799,0.00376
0.94034,45.59,138.01,-135.14,1.8807,0.00376
0.94072,45.54,137.91,-135.24,1.8814,0.00376
0.94128,45.63,138.11,-135.04,1.8826,0.00377
0.94109,45.79,138.49,-134.66,1.8822,0.00376
0.94240,45.63,138.12,-135.03,1.8848,0.00377
0.94259,45.71,138.31,-134.84,1.8852,0.00377
0.94315,45.87,138.70,-134.45,1.8863,0.00377
0.94372,45.71,138.32,-134.83,1.8874,0.00377
0.94390,45.79,138.50,-134.65,1.8878,0.00378
0.94390,46.03,139.08,-134.07,1.8878,0.00378
0.94447,45.83,138.60,-134.55,1.8889,0.00378
0.94484,45.95,138.89,-134.26,1.8897,0.00378
0.94559,45.91,138.80,-134.35,1.8912,0.00378
0.94559,46.07,139.18,-133.97,1.8912,0.00378
0.94634,46.03,139.08,-134.07,1.8927,0.00379
0.94672,46.23,139.57,-133.58,1.8934,0.00379
0.94709,46.11,139.29,-133.86,1.8942,0.00379
0.94747,46.27,139.67,-133.48,1.8949,0.00379
0.94765,46.23,139.58,-133.57,1.8953,0.00379
0.94803,46.28,139.67,-133.48,1.8961,0.00379
0.94878,46.27,139.66,-133.49,1.8976,0.00380
0.94840,46.20,139.48,-133.67,1.8968,0.00379
0.94915,46.12,139.30,-133.85,1.8983,0.00380
0.94972,46.48,140.16,-132.99,1.8994,0.00380
0.94972,46.32,139.78,-133.37,1.8994,0.00380
0.95028,46.44,140.07,-133.08,1.9006,0.00380
0.95084,46.44,140.07,-133.08,1.9017,0.00380
0.95140,46.40,139.97,-133.18,1.9028,0.00381
0.95159,46.52,140.26,-132.89,1.9032,0.00381
0.95178,46.52,140.27,-132.88,1.9036,0.00381
0.95215,46.60,140.46,-132.69,1.9043,0.00381
0.95253,46.60,140.46,-132.69,1.9051,0.00381
0.95272,46.72,140.75,-132.40,1.9054,0.00381
0.95290,46.64,140.56,-132.59,1.9058,0.00381
0.95403,46.65,140.57,-132.58,1.9081,0.00382
0.95384,46.81,140.95,-132.20,1.9077,0.00382
0.95422,46.77,140.86,-132.29,1.9084,0.00382
0.95478,46.85,141.05,-132.10,1.9096,0.00382
0.95515,46.96,141.33,-131.82,1.9103,0.00382
0.95590,46.93,141.25,-131.90,1.9118,0.00382
0.95572,46.89,141.15,-132.00,1.9114,0.00382
0.95647,46.93,141.25,-131.90,1.9129,0.00383
0.95684,47.09,141.63,-131.52,1.9137,0.00383
0.95722,46.97,141.36,-131.79,1.9144,0.00383
0.95722,46.93,141.26,-131.89,1.9144,0.00383
0.95778,46.89,141.16,-131.99,1.9156,0.00383
0.95815,47.13,141.73,-131.42,1.9163,0.00383
0.95815,47.25,142.03,-131.12,1.9163,0.00383
0.95890,47.25,142.03,-131.12,1.9178,0.00384
0.95947,47.21,141.93,-131.22,1.9189,0.00384
0.95965,47.25,142.03,-131.12,1.9193,0.00384
0.95965,47.29,142.13,-131.02,1.9193,0.00384
0.96022,47.25,142.03,-131.12,1.9204,0.00384
0.96022,47.30,142.14,-131.01,1.9204,0.00384
0.96078,47.26,142.04,-131.11,1.9216,0.00384
0.96115,47.34,142.24,-130.91,1.9223,0.00384
0.96190,47.38,142.33,-130.82,1.9238,0.00385
0.96228,47.42,142.43,-130.72,1.9246,0.00385
0.96265,47.50,142.62,-130.53,1.9253,0.00385
0.96303,47.42,142.44,-130.71,1.9261,0.00385
0.96322,47.70,143.10,-130.05,1.9264,0.00385
0.96340,47.54,142.73,-130.42,1.9268,0.00385
0.96415,47.58,142.83,-130.32,1.9283,0.00386
0.96453,47.58,142.83,-130.32,1.9291,0.00386
0.96453,47.62,142.92,-130.23,1.9291,0.00386
0.96528,47.70,143.11,-130.04,1.9306,0.00386
0.96584,47.70,143.12,-130.03,1.9317,0.00386
0.96603,47.86,143.50,-129.65,1.9321,0.00386
0.96640,47.75,143.22,-129.93,1.9328,0.00387
0.96659,47.95,143.70,-129.45,1.9332,0.00387
0.96715,47.86,143.50,-129.65,1.9343,0.00387
0.96715,47.99,143.80,-129.35,1.9343,0.00387
0.96790,47.95,143.71,-129.44,1.9358,0.00387
0.96772,47.95,143.70,-129.45,1.9354,0.00387
0.96828,48.15,144.18,-128.97,1.9366,0.00387
0.96884,47.95,143.71,-129.44,1.9377,0.00388
0.96903,48.11,144.09,-129.06,1.9381,0.00388
0.96922,48.03,143.91,-129.24,1.9384,0.00388
0.97015,48.15,144.19,-128.96,1.9403,0.00388
0.97015,48.23,144.38,-128.77,1.9403,0.00388
0.97090,48.16,144.20,-128.95,1.9418,0.00388
0.97109,48.23,144.39,-128.76,1.9422,0.00388
0.97128,48.28,144.49,-128.66,1.9426,0.00389
0.97147,48.35,144.68,-128.47,1.9429,0.00389
0.97203,48.31,144.58,-128.57,1.9441,0.00389
0.97240,48.35,144.68,-128.47,1.9448,0.00389
0.97259,48.36,144.69,-128.46,1.9452,0.00389
0.97315,48.48,144.99,-128.16,1.9463,0.00389
0.97390,48.32,144.60,-128.55,1.9478,0.00390
0.97409,48.48,144.99,-128.16,1.9482,0.00390
0.97428,48.56,145.18,-127.97,1.9486,0.00390
0.97447,48.48,144.99,-128.16,1.9489,0.00390
0.97484,48.60,145.28,-127.87,1.9497,0.00390
0.97503,48.64,145.38,-127.77,1.9501,0.00390
0.97578,48.72,145.57,-127.58,1.9516,0.00390
0.97597,48.68,145.48,-127.67,1.9519,0.00390
0.97634,48.64,145.38,-127.77,1.9527,0.00391
0.97653,48.69,145.49,-127.66,1.9531,0.00391
0.97690,48.76,145.67,-127.48,1.9538,0.00391
0.97765,48.65,145.39,-127.76,1.9553,0.00391
0.97784,48.85,145.87,-127.28,1.9557,0.00391
0.97803,48.85,145.87,-127.28,1.9561,0.00391
0.97878,48.77,145.68,-127.47,1.9576,0.00392
0.97915,48.89,145.97,-127.18,1.9583,0.00392
0.97915,48.97,146.16,-126.99,1.9583,0.00392
0.97934,49.09,146.46,-126.69,1.9587,0.00392
0.97990,49.05,146.36,-126.79,1.9598,0.00392
0.98028,49.06,146.37,-126.78,1.9606,0.00392
0.98084,49.13,146.56,-126.59,1.9617,0.00392
0.98140,48.97,146.18,-126.97,1.9628,0.00393
0.98122,49.18,146.66,-126.49,1.9624,0.00392
0.98159,49.13,146.56,-126.59,1.9632,0.00393
0.98197,49.17,146.66,-126.49,1.9639,0.00393
0.98234,49.33,147.04,-126.11,1.9647,0.00393
0.98272,49.18,146.66,-126.49,1.9654,0.00393
0.98290,49.29,146.95,-126.20,1.9658,0.00393
0.98347,49.10,146.48,-126.67,1.9669,0.00393
0.98403,49.22,146.76,-126.39,1.9681,0.00394
0.98422,49.42,147.25,-125.90,1.9684,0.00394
0.98497,49.42,147.25,-125.90,1.9699,0.00394
0.98516,49.42,147.25,-125.90,1.9703,0.00394
0.98478,49.50,147.44,-125.71,1.9696,0.00394
0.98591,49.50,147.45,-125.70,1.9718,0.00394
0.98609,49.54,147.54,-125.61,1.9722,0.00394
0.98647,49.58,147.64,-125.51,1.9729,0.00395
0.98666,49.46,147.35,-125.80,1.9733,0.00395
0.98722,49.62,147.74,-125.41,1.9744,0.00395
0.98741,49.59,147.65,-125.50,1.9748,0.00395
0.98759,49.66,147.84,-125.31,1.9752,0.00395
0.98797,49.63,147.75,-125.40,1.9759,0.00395
0.98853,49.59,147.66,-125.49,1.9771,0.00395
0.98891,49.75,148.04,-125.11,1.9778,0.00396
0.98909,49.83,148.23,-124.92,1.9782,0.00396
0.98966,49.71,147.95,-125.20,1.9793,0.00396
0.98966,49.83,148.24,-124.91,1.9793,0.00396
0.99041,49.79,148.14,-125.01,1.9808,0.00396
0.99078,49.87,148.34,-124.81,1.9816,0.00396
0.99078,49.91,148.43,-124.72,1.9816,0.00396
0.99078,49.99,148.62,-124.53,1.9816,0.00396
0.99153,49.95,148.53,-124.62,1.9831,0.00397
0.99191,50.07,148.82,-124.33,1.9838,0.00397
0.99209,49.92,148.45,-124.70,1.9842,0.00397
0.99284,49.99,148.63,-124.52,1.9857,0.00397
0.99284,50.08,148.84,-124.31,1.9857,0.00397
0.99303,50.16,149.02,-124.13,1.9861,0.00397
0.99397,50.16,149.02,-124.13,1.9879,0.00398
0.99359,50.12,148.93,-124.22,1.9872,0.00397
0.99491,50.12,148.94,-124.21,1.9898,0.00398
0.99434,50.16,149.03,-124.12,1.9887,0.00398
0.99472,50.24,149.23,-123.92,1.9894,0.00398
0.99528,50.40,149.61,-123.54,1.9906,0.00398
0.99566,50.40,149.62,-123.53,1.9913,0.00398
0.99584,50.40,149.62,-123.53,1.9917,0.00398
0.99641,50.28,149.34,-123.81,1.9928,0.00399
0.99659,50.37,149.53,-123.62,1.9932,0.00399
0.99697,50.52,149.91,-123.24,1.9939,0.00399
0.99734,50.45,149.73,-123.42,1.9947,0.00399
0.99791,50.37,149.54,-123.61,1.9958,0.00399
0.99791,50.57,150.02,-123.13,1.9958,0.00399
0.99809,50.61,150.12,-123.03,1.9962,0.00399
0.99884,50.53,149.93,-123.22,1.9977,0.00400
0.99866,50.57,150.02,-123.13,1.9973,0.00399