-0.00131,21.67,80.38,-192.77,-0.0026,0.00001
-0.00056,21.94,81.03,-192.12,-0.0011,0.00000
-0.00113,21.98,81.13,-192.02,-0.0023,0.00000
-0.00094,22.14,81.51,-191.64,-0.0019,0.00000
-0.00094,22.33,81.98,-191.17,-0.0019,0.00000
-0.00056,22.53,82.44,-190.71,-0.0011,0.00000
-0.00075,22.57,82.54,-190.61,-0.0015,0.00000
-0.00113,22.69,82.83,-190.32,-0.0023,0.00000
-0.00075,22.92,83.38,-189.77,-0.0015,0.00000
-0.00056,22.96,83.48,-189.67,-0.0011,0.00000
-0.00075,23.11,83.85,-189.30,-0.0015,0.00000
-0.00094,21.13,79.08,-194.07,-0.0019,0.00000
-0.00094,21.48,79.92,-193.23,-0.0019,0.00000
-0.00131,21.56,80.11,-193.04,-0.0026,0.00001
-0.00075,21.87,80.85,-192.30,-0.0015,0.00000
-0.00094,22.06,81.33,-191.82,-0.0019,0.00000
-0.00056,22.26,81.80,-191.35,-0.0011,0.00000
-0.00038,22.42,82.17,-190.98,-0.0008,0.00000
-0.00075,22.96,83.47,-189.68,-0.0015,0.00000
-0.00075,23.04,83.67,-189.48,-0.0015,0.00000
-0.00075,23.23,84.13,-189.02,-0.0015,0.00000
-0.00131,23.31,84.33,-188.82,-0.0026,0.00001
-0.00075,23.66,85.16,-187.99,-0.0015,0.00000
-0.00113,23.54,84.88,-188.27,-0.0023,0.00000
-0.00056,23.93,85.82,-187.33,-0.0011,0.00000
-0.00075,23.93,85.83,-187.32,-0.0015,0.00000
-0.00113,24.12,86.29,-186.86,-0.0023,0.00000
-0.00094,24.28,86.66,-186.49,-0.0019,0.00000
-0.00056,24.20,86.48,-186.67,-0.0011,0.00000
-0.00056,24.51,87.23,-185.92,-0.0011,0.00000
-0.00075,24.55,87.32,-185.83,-0.0015,0.00000
-0.00038,24.71,87.70,-185.45,-0.0008,0.00000
-0.00094,24.75,87.79,-185.36,-0.0019,0.00000
-0.00075,24.86,88.07,-185.08,-0.0015,0.00000
-0.00075,24.86,88.07,-185.08,-0.0015,0.00000
-0.00056,24.94,88.27,-184.88,-0.0011,0.00000
-0.00056,25.14,88.73,-184.42,-0.0011,0.00000
-0.00056,25.18,88.83,-184.32,-0.0011,0.00000
-0.00075,25.30,89.11,-184.04,-0.0015,0.00000
-0.00113,25.37,89.30,-183.85,-0.0023,0.00000
-0.00075,25.53,89.67,-183.48,-0.0015,0.00000
-0.00094,25.41,89.40,-183.75,-0.0019,0.00000
-0.00038,25.65,89.96,-183.19,-0.0008,0.00000
-0.00075,25.69,90.06,-183.09,-0.0015,0.00000
-0.00094,25.76,90.24,-182.91,-0.0019,0.00000
-0.00056,25.77,90.24,-182.91,-0.0011,0.00000
-0.00131,25.80,90.34,-182.81,-0.0026,0.00001
-0.00075,26.00,90.81,-182.34,-0.0015,0.00000
-0.00075,25.96,90.71,-182.44,-0.0015,0.00000
-0.00056,26.08,91.00,-182.15,-0.0011,0.00000
-0.00075,26.16,91.19,-181.96,-0.0015,0.00000
-0.00075,26.35,91.65,-181.50,-0.0015,0.00000
-0.00131,26.47,91.93,-181.22,-0.0026,0.00001
-0.00094,26.51,92.03,-181.12,-0.0019,0.00000
-0.00094,26.55,92.13,-181.02,-0.0019,0.00000
-0.00075,26.51,92.04,-181.11,-0.0015,0.00000
-0.00038,26.59,92.23,-180.92,-0.0008,0.00000
-0.00094,26.82,92.79,-180.36,-0.0019,0.00000
-0.00131,26.86,92.88,-180.27,-0.0026,0.00001
-0.00056,26.94,93.08,-180.07,-0.0011,0.00000
-0.00075,26.90,92.98,-180.17,-0.0015,0.00000
-0.00019,27.06,93.36,-179.79,-0.0004,0.00000
-0.00075,27.14,93.55,-179.60,-0.0015,0.00000
-0.00056,27.21,93.74,-179.41,-0.0011,0.00000
-0.00113,27.29,93.93,-179.22,-0.0023,0.00000
-0.00075,27.29,93.93,-179.22,-0.0015,0.00000
-0.00038,27.33,94.02,-179.13,-0.0008,0.00000
-0.00075,27.53,94.49,-178.66,-0.0015,0.00000
-0.00094,27.57,94.59,-178.56,-0.0019,0.00000
-0.00038,27.72,94.96,-178.19,-0.0008,0.00000
-0.00075,27.61,94.69,-178.46,-0.0015,0.00000
-0.00075,27.80,95.15,-178.00,-0.0015,0.00000
-0.00038,27.99,95.61,-177.54,-0.0008,0.00000
-0.00075,27.92,95.43,-177.72,-0.0015,0.00000
-0.00113,28.00,95.62,-177.53,-0.0023,0.00000
-0.00056,28.00,95.63,-177.52,-0.0011,0.00000
-0.00075,28.08,95.82,-177.33,-0.0015,0.00000
-0.00056,28.19,96.10,-177.05,-0.0011,0.00000
-0.00038,28.19,96.10,-177.05,-0.0008,0.00000
-0.00075,28.31,96.38,-176.77,-0.0015,0.00000
-0.00094,28.43,96.66,-176.49,-0.0019,0.00000
-0.00075,28.51,96.85,-176.30,-0.0015,0.00000
-0.00094,28.59,97.04,-176.11,-0.0019,0.00000
-0.00094,28.51,96.86,-176.29,-0.0019,0.00000
-0.00075,28.62,97.13,-176.02,-0.0015,0.00000
-0.00056,28.62,97.12,-176.03,-0.0011,0.00000
-0.00075,28.73,97.39,-175.76,-0.0015,0.00000
-0.00056,28.81,97.58,-175.57,-0.0011,0.00000
-0.00094,28.85,97.67,-175.48,-0.0019,0.00000
-0.00094,28.88,97.76,-175.39,-0.0019,0.00000
-0.00113,28.96,97.95,-175.20,-0.0023,0.00000
-0.00056,29.17,98.44,-174.71,-0.0011,0.00000
-0.00038,29.19,98.51,-174.64,-0.0008,0.00000
-0.00056,29.23,98.60,-174.55,-0.0011,0.00000
-0.00094,29.31,98.80,-174.35,-0.0019,0.00000
-0.00075,29.24,98.61,-174.54,-0.0015,0.00000
-0.00075,29.39,98.99,-174.16,-0.0015,0.00000
-0.00075,29.39,98.99,-174.16,-0.0015,0.00000
-0.00056,29.47,99.17,-173.98,-0.0011,0.00000
-0.00113,29.66,99.64,-173.51,-0.0023,0.00000
-0.00075,29.59,99.47,-173.68,-0.0015,0.00000
-0.00075,29.67,99.65,-173.50,-0.0015,0.00000
-0.00056,29.82,100.02,-173.13,-0.0011,0.00000
-0.00056,29.86,100.12,-173.03,-0.0011,0.00000
-0.00038,29.78,99.93,-173.22,-0.0008,0.00000
-0.00038,29.86,100.12,-173.03,-0.0008,0.00000
-0.00056,29.86,100.12,-173.03,-0.0011,0.00000
-0.00019,30.18,100.87,-172.28,-0.0004,0.00000
0.00019,30.06,100.60,-172.55,0.0004,0.00000
0.00019,30.11,100.72,-172.43,0.0004,0.00000
-0.00019,30.19,100.90,-172.25,-0.0004,0.00000
0.00000,30.42,101.46,-171.69,0.0000,0.00000
-0.00019,30.26,101.08,-172.07,-0.0004,0.00000
-0.00038,30.48,101.60,-171.55,-0.0008,0.00000
-0.00019,30.44,101.51,-171.64,-0.0004,0.00000
-0.00038,30.67,102.07,-171.08,-0.0008,0.00000
0.00019,30.67,102.07,-171.08,0.0004,0.00000
0.00000,30.63,101.96,-171.19,0.0000,0.00000
0.00000,30.68,102.08,-171.07,0.0000,0.00000
-0.00038,30.80,102.38,-170.77,-0.0008,0.00000
-0.00038,30.88,102.56,-170.59,-0.0008,0.00000
0.00019,30.88,102.57,-170.58,0.0004,0.00000
-0.00019,31.03,102.94,-170.21,-0.0004,0.00000
0.00038,30.96,102.76,-170.39,0.0008,0.00000
0.00056,31.15,103.22,-169.93,0.0011,0.00000
0.00056,31.19,103.33,-169.82,0.0011,0.00000
0.00038,31.11,103.14,-170.01,0.0008,0.00000
0.00075,31.27,103.51,-169.64,0.0015,0.00000
0.00131,31.23,103.42,-169.73,0.0026,0.00001
0.00169,31.50,104.08,-169.07,0.0034,0.00001
0.00206,31.43,103.89,-169.26,0.0041,0.00001
0.00206,31.43,103.89,-169.26,0.0041,0.00001
0.00263,31.63,104.37,-168.78,0.0053,0.00001
0.00263,31.71,104.56,-168.59,0.0053,0.00001
0.00300,31.59,104.28,-168.87,0.0060,0.00001
0.00375,31.78,104.75,-168.40,0.0075,0.00002
0.00431,31.98,105.22,-167.93,0.0086,0.00002
0.00394,31.94,105.12,-168.03,0.0079,0.00002
0.00488,31.94,105.13,-168.02,0.0098,0.00002
0.00581,31.87,104.95,-168.20,0.0116,0.00002
0.00638,31.98,105.23,-167.92,0.0128,0.00003
0.00675,32.10,105.52,-167.63,0.0135,0.00003
0.00713,32.22,105.79,-167.36,0.0143,0.00003
0.00825,32.29,105.98,-167.17,0.0165,0.00003
0.00956,32.29,105.98,-167.17,0.0191,0.00004
0.01031,32.26,105.90,-167.25,0.0206,0.00004
0.01144,32.50,106.46,-166.69,0.0229,0.00005
0.01219,32.31,106.01,-167.14,0.0244,0.00005
0.01388,32.46,106.38,-166.77,0.0278,0.00006
0.01444,32.50,106.48,-166.67,0.0289,0.00006
0.01575,32.50,106.46,-166.69,0.0315,0.00006
0.01669,32.66,106.85,-166.30,0.0334,0.00007
0.01838,32.77,107.14,-166.01,0.0368,0.00007
0.01969,32.81,107.23,-165.92,0.0394,0.00008
0.02138,32.85,107.32,-165.83,0.0428,0.00009
0.02325,32.97,107.60,-165.55,0.0465,0.00009
0.02513,32.81,107.23,-165.92,0.0503,0.00010
0.02625,32.94,107.53,-165.62,0.0525,0.00011
0.02794,33.01,107.71,-165.44,0.0559,0.00011
0.03019,33.01,107.70,-165.45,0.0604,0.00012
0.03206,33.13,107.99,-165.16,0.0641,0.00013
0.03488,33.17,108.10,-165.05,0.0698,0.00014
0.03619,33.13,108.00,-165.15,0.0724,0.00014
0.03881,33.21,108.20,-164.95,0.0776,0.00016
0.04106,33.29,108.38,-164.77,0.0821,0.00016
0.04388,33.45,108.76,-164.39,0.0878,0.00018
0.04650,33.47,108.80,-164.35,0.0930,0.00019
0.04875,33.47,108.82,-164.33,0.0975,0.00020
0.05138,33.56,109.02,-164.13,0.1028,0.00021
0.05400,33.64,109.22,-163.93,0.1080,0.00022
0.05719,33.68,109.31,-163.84,0.1144,0.00023
0.06038,33.68,109.32,-163.83,0.1208,0.00024
0.06394,33.84,109.70,-163.45,0.1279,0.00026
0.06731,33.80,109.62,-163.53,0.1346,0.00027
0.07050,33.89,109.82,-163.33,0.1410,0.00028
0.07425,33.97,110.01,-163.14,0.1485,0.00030
0.07838,34.04,110.20,-162.95,0.1568,0.00031
0.08307,34.05,110.20,-162.95,0.1661,0.00033
0.08775,34.28,110.77,-162.38,0.1755,0.00035
0.09338,34.24,110.67,-162.48,0.1868,0.00037
0.09900,34.20,110.58,-162.57,0.1980,0.00040
0.10463,34.13,110.40,-162.75,0.2093,0.00042
0.11025,34.32,110.87,-162.28,0.2205,0.00044
0.11588,34.36,110.96,-162.19,0.2318,0.00046
0.12188,34.44,111.16,-161.99,0.2438,0.00049
0.12769,34.52,111.35,-161.80,0.2554,0.00051
0.13350,34.48,111.25,-161.90,0.2670,0.00053
0.14025,34.60,111.55,-161.60,0.2805,0.00056
0.14700,34.64,111.64,-161.51,0.2940,0.00059
0.15319,34.76,111.92,-161.23,0.3064,0.00061
0.15957,34.72,111.83,-161.32,0.3191,0.00064
0.16519,34.92,112.30,-160.85,0.3304,0.00066
0.17044,34.88,112.21,-160.94,0.3409,0.00068
0.17588,34.92,112.31,-160.84,0.3518,0.00070
0.18132,35.12,112.78,-160.37,0.3626,0.00073
0.18751,35.08,112.70,-160.45,0.3750,0.00075
0.19369,35.16,112.88,-160.27,0.3874,0.00077
0.19932,35.01,112.51,-160.64,0.3986,0.00080
0.20494,35.20,112.98,-160.17,0.4099,0.00082
0.20982,35.12,112.79,-160.36,0.4196,0.00084
0.21451,35.24,113.08,-160.07,0.4290,0.00086
0.21901,35.28,113.18,-159.97,0.4380,0.00088
0.22294,35.52,113.75,-159.40,0.4459,0.00089
0.22669,35.44,113.56,-159.59,0.4534,0.00091
0.23138,35.48,113.65,-159.50,0.4628,0.00093
0.23476,35.60,113.94,-159.21,0.4695,0.00094
0.23926,35.60,113.94,-159.21,0.4785,0.00096
0.24319,35.56,113.85,-159.30,0.4864,0.00097
0.24676,35.84,114.51,-158.64,0.4935,0.00099
0.25032,35.84,114.52,-158.63,0.5006,0.00100
0.25370,35.80,114.42,-158.73,0.5074,0.00101
0.25726,35.84,114.52,-158.63,0.5145,0.00103
0.26120,35.88,114.62,-158.53,0.5224,0.00104
0.26495,36.00,114.91,-158.24,0.5299,0.00106
0.26776,36.08,115.09,-158.06,0.5355,0.00107
0.27113,36.04,115.00,-158.15,0.5423,0.00108
0.27470,36.04,115.00,-158.15,0.5494,0.00110
0.27751,36.20,115.39,-157.76,0.5550,0.00111
0.28051,36.20,115.38,-157.77,0.5610,0.00112
0.28370,36.35,115.76,-157.39,0.5674,0.00113
0.28613,36.24,115.48,-157.67,0.5723,0.00114
0.28970,36.39,115.86,-157.29,0.5794,0.00116
0.29251,36.40,115.86,-157.29,0.5850,0.00117
0.29532,36.52,116.15,-157.00,0.5906,0.00118
0.29776,36.52,116.15,-157.00,0.5955,0.00119
0.30020,36.52,116.15,-157.00,0.6004,0.00120
0.30226,36.52,116.16,-156.99,0.6045,0.00121
0.30395,36.60,116.35,-156.80,0.6079,0.00122
0.30582,36.64,116.45,-156.70,0.6116,0.00122
0.30826,36.64,116.45,-156.70,0.6165,0.00123
0.31032,36.68,116.54,-156.61,0.6206,0.00124
0.31238,36.88,117.02,-156.13,0.6248,0.00125
0.31426,36.88,117.03,-156.12,0.6285,0.00126
0.31595,36.91,117.11,-156.04,0.6319,0.00126
0.31763,36.96,117.21,-155.94,0.6353,0.00127
0.31951,37.00,117.31,-155.84,0.6390,0.00128
0.32045,37.04,117.42,-155.73,0.6409,0.00128
0.32232,37.24,117.89,-155.26,0.6446,0.00129
0.32401,37.32,118.08,-155.07,0.6480,0.00130
0.32551,37.12,117.60,-155.55,0.6510,0.00130
0.32682,37.31,118.07,-155.08,0.6536,0.00131
0.32795,37.47,118.45,-154.70,0.6559,0.00131
0.32945,37.28,117.98,-155.17,0.6589,0.00132
0.33057,37.32,118.08,-155.07,0.6611,0.00132
0.33132,37.47,118.46,-154.69,0.6626,0.00133
0.33301,37.51,118.56,-154.59,0.6660,0.00133
0.33395,37.64,118.85,-154.30,0.6679,0.00134
0.33489,37.68,118.95,-154.20,0.6698,0.00134
0.33620,37.72,119.04,-154.11,0.6724,0.00134
0.33751,37.71,119.04,-154.11,0.6750,0.00135
0.33864,37.72,119.04,-154.11,0.6773,0.00135
0.33939,37.72,119.04,-154.11,0.6788,0.00136
0.34070,37.80,119.24,-153.91,0.6814,0.00136
0.34145,37.96,119.62,-153.53,0.6829,0.00137
0.34201,37.80,119.24,-153.91,0.6840,0.00137
0.34314,37.92,119.53,-153.62,0.6863,0.00137
0.34370,38.00,119.72,-153.43,0.6874,0.00137
0.34426,38.08,119.92,-153.23,0.6885,0.00138
0.34557,38.12,120.01,-153.14,0.6911,0.00138
0.34632,38.16,120.11,-153.04,0.6926,0.00139
0.34726,38.24,120.30,-152.85,0.6945,0.00139
0.34820,38.28,120.40,-152.75,0.6964,0.00139
0.34857,38.27,120.39,-152.76,0.6971,0.00139
0.34989,38.32,120.49,-152.66,0.6998,0.00140
0.35064,38.32,120.49,-152.66,0.7013,0.00140
0.35139,38.47,120.87,-152.28,0.7028,0.00141
0.35157,38.52,120.98,-152.17,0.7031,0.00141
0.35232,38.48,120.88,-152.27,0.7046,0.00141
0.35326,38.48,120.89,-152.26,0.7065,0.00141
0.35439,38.52,120.98,-152.17,0.7088,0.00142
0.35495,38.56,121.07,-152.08,0.7099,0.00142
0.35532,38.60,121.17,-151.98,0.7106,0.00142
0.35570,38.67,121.36,-151.79,0.7114,0.00142
0.35682,38.68,121.36,-151.79,0.7136,0.00143
0.35720,38.80,121.65,-151.50,0.7144,0.00143
0.35776,38.80,121.66,-151.49,0.7155,0.00143
0.35814,39.04,122.23,-150.92,0.7163,0.00143
0.35889,39.08,122.32,-150.83,0.7178,0.00144
0.35945,38.84,121.76,-151.39,0.7189,0.00144
0.36001,39.08,122.33,-150.82,0.7200,0.00144
0.36057,39.11,122.42,-150.73,0.7211,0.00144
0.36057,39.20,122.62,-150.53,0.7211,0.00144
0.36151,39.20,122.62,-150.53,0.7230,0.00145
0.36170,39.32,122.90,-150.25,0.7234,0.00145
0.36264,39.20,122.62,-150.53,0.7253,0.00145
0.36301,39.28,122.82,-150.33,0.7260,0.00145
0.36357,39.32,122.90,-150.25,0.7271,0.00145
0.36414,39.28,122.81,-150.34,0.7283,0.00146
0.36432,39.36,123.01,-150.14,0.7286,0.00146
0.36526,39.40,123.10,-150.05,0.7305,0.00146
0.36564,39.56,123.48,-149.67,0.7313,0.00146
0.36582,39.48,123.30,-149.85,0.7316,0.00146
0.36657,39.56,123.49,-149.66,0.7331,0.00147
0.36676,39.64,123.68,-149.47,0.7335,0.00147
0.36676,39.60,123.58,-149.57,0.7335,0.00147
0.36807,39.60,123.59,-149.56,0.7361,0.00147
0.36789,39.68,123.78,-149.37,0.7358,0.00147
0.36864,39.80,124.07,-149.08,0.7373,0.00147
0.36882,39.84,124.17,-148.98,0.7376,0.00148
0.36920,39.84,124.17,-148.98,0.7384,0.00148
0.36957,39.76,123.98,-149.17,0.7391,0.00148
0.37032,39.96,124.46,-148.69,0.7406,0.00148
0.37107,40.00,124.55,-148.60,0.7421,0.00148
0.37126,40.08,124.75,-148.40,0.7425,0.00149
0.37164,40.08,124.74,-148.41,0.7433,0.00149
0.37182,40.12,124.85,-148.30,0.7436,0.00149
0.37201,40.08,124.75,-148.40,0.7440,0.00149
0.37257,40.08,124.75,-148.40,0.7451,0.00149
0.37295,40.24,125.14,-148.01,0.7459,0.00149
0.37314,40.20,125.04,-148.11,0.7463,0.00149
0.37407,40.36,125.43,-147.72,0.7481,0.00150
0.37426,40.36,125.43,-147.72,0.7485,0.00150
0.37464,40.36,125.42,-147.73,0.7493,0.00150
0.37482,40.44,125.62,-147.53,0.7496,0.00150
0.37576,40.48,125.72,-147.43,0.7515,0.00150
0.37557,40.41,125.53,-147.62,0.7511,0.00150
0.37595,40.52,125.81,-147.34,0.7519,0.00150
0.37632,40.49,125.72,-147.43,0.7526,0.00151
0.37670,40.68,126.19,-146.96,0.7534,0.00151
0.37745,40.65,126.11,-147.04,0.7549,0.00151
0.37745,40.53,125.83,-147.32,0.7549,0.00151
0.37801,40.81,126.49,-146.66,0.7560,0.00151
0.37745,40.92,126.77,-146.38,0.7549,0.00151
0.37820,40.69,126.21,-146.94,0.7564,0.00151
0.37876,40.89,126.69,-146.46,0.7575,0.00152
0.37895,40.93,126.78,-146.37,0.7579,0.00152
0.37951,40.85,126.59,-146.56,0.7590,0.00152
0.37951,40.85,126.59,-146.56,0.7590,0.00152
0.38026,41.01,126.98,-146.17,0.7605,0.00152
0.38064,40.93,126.80,-146.35,0.7613,0.00152
0.38064,41.13,127.27,-145.88,0.7613,0.00152
0.38082,41.05,127.08,-146.07,0.7616,0.00152
0.38120,41.17,127.37,-145.78,0.7624,0.00152
0.38176,41.29,127.65,-145.50,0.7635,0.00153
0.38157,41.33,127.75,-145.40,0.7631,0.00153
0.38232,41.25,127.57,-145.58,0.7646,0.00153
0.38232,41.21,127.47,-145.68,0.7646,0.00153
0.38326,41.24,127.55,-145.60,0.7665,0.00153
0.38326,41.29,127.65,-145.50,0.7665,0.00153
0.38345,41.49,128.14,-145.01,0.7669,0.00153
0.38345,41.61,128.42,-144.73,0.7669,0.00153
0.38420,41.49,128.14,-145.01,0.7684,0.00154
0.38476,41.53,128.24,-144.91,0.7695,0.00154
0.38495,41.49,128.15,-145.00,0.7699,0.00154
0.38514,41.65,128.53,-144.62,0.7703,0.00154
0.38551,41.61,128.44,-144.71,0.7710,0.00154
0.38589,41.70,128.64,-144.51,0.7718,0.00154
0.38570,41.70,128.64,-144.51,0.7714,0.00154
0.38645,41.74,128.74,-144.41,0.7729,0.00155
0.38664,41.85,129.02,-144.13,0.7733,0.00155
0.38682,41.97,129.31,-143.84,0.7736,0.00155
0.38739,41.81,128.92,-144.23,0.7748,0.00155
0.38739,41.89,129.11,-144.04,0.7748,0.00155
0.38776,41.94,129.21,-143.94,0.7755,0.00155
0.38776,42.01,129.41,-143.74,0.7755,0.00155
0.38851,42.06,129.50,-143.65,0.7770,0.00155
0.38832,42.06,129.50,-143.65,0.7766,0.00155
0.38870,42.06,129.51,-143.64,0.7774,0.00155
0.38870,42.22,129.90,-143.25,0.7774,0.00155
0.38907,42.26,129.99,-143.16,0.7781,0.00156
0.38964,42.02,129.43,-143.72,0.7793,0.00156
0.38982,42.26,130.00,-143.15,0.7796,0.00156
0.38982,42.22,129.90,-143.25,0.7796,0.00156
0.39039,42.34,130.18,-142.97,0.7808,0.00156
0.39057,42.42,130.38,-142.77,0.7811,0.00156
0.39057,42.23,129.92,-143.23,0.7811,0.00156
0.39132,42.38,130.29,-142.86,0.7826,0.00157
0.39170,42.46,130.48,-142.67,0.7834,0.00157
0.39170,42.46,130.48,-142.67,0.7834,0.00157
0.39189,42.46,130.48,-142.67,0.7838,0.00157
0.39226,42.54,130.68,-142.47,0.7845,0.00157
0.39207,42.46,130.49,-142.66,0.7841,0.00157
0.39264,42.62,130.87,-142.28,0.7853,0.00157
0.39264,42.70,131.07,-142.08,0.7853,0.00157
0.39301,42.62,130.87,-142.28,0.7860,0.00157
0.39339,42.66,130.97,-142.18,0.7868,0.00157
0.39339,42.82,131.35,-141.80,0.7868,0.00157
0.39395,42.83,131.36,-141.79,0.7879,0.00158
0.39414,42.79,131.26,-141.89,0.7883,0.00158
0.39451,42.95,131.65,-141.50,0.7890,0.00158
0.39432,42.87,131.46,-141.69,0.7886,0.00158
0.39470,42.99,131.75,-141.40,0.7894,0.00158
0.39545,43.03,131.84,-141.31,0.7909,0.00158
0.39526,43.11,132.04,-141.11,0.7905,0.00158
0.39582,43.11,132.04,-141.11,0.7916,0.00158
0.39564,42.99,131.75,-141.40,0.7913,0.00158
0.39564,43.15,132.13,-141.02,0.7913,0.00158
0.39582,43.11,132.04,-141.11,0.7916,0.00158
0.39601,43.23,132.33,-140.82,0.7920,0.00158
0.39657,43.15,132.15,-141.00,0.7931,0.00159
0.39714,43.23,132.34,-140.81,0.7943,0.00159
0.39751,43.27,132.44,-140.71,0.7950,0.00159
0.39695,43.27,132.43,-140.72,0.7939,0.00159
0.39770,43.43,132.81,-140.34,0.7954,0.00159
0.39807,43.39,132.72,-140.43,0.7961,0.00159
0.39826,43.43,132.82,-140.33,0.7965,0.00159
0.39864,43.51,133.01,-140.14,0.7973,0.00159
0.39864,43.40,132.74,-140.41,0.7973,0.00159
0.39864,43.48,132.93,-140.22,0.7973,0.00159
0.39901,43.64,133.31,-139.84,0.7980,0.00160
0.39939,43.60,133.22,-139.93,0.7988,0.00160
0.39957,43.60,133.22,-139.93,0.7991,0.00160
0.39995,43.76,133.60,-139.55,0.7999,0.00160
0.40014,43.56,133.12,-140.03,0.8003,0.00160
0.40032,43.80,133.70,-139.45,0.8006,0.00160
0.39995,43.64,133.32,-139.83,0.7999,0.00160
0.40051,43.80,133.70,-139.45,0.8010,0.00160
0.40070,43.72,133.52,-139.63,0.8014,0.00160
0.40145,43.80,133.70,-139.45,0.8029,0.00161
0.40164,43.96,134.08,-139.07,0.8033,0.00161
0.40126,43.91,133.98,-139.17,0.8025,0.00161
0.40164,43.91,133.97,-139.18,0.8033,0.00161
0.40201,43.88,133.90,-139.25,0.8040,0.00161
0.40257,43.96,134.10,-139.05,0.8051,0.00161
0.40239,43.96,134.10,-139.05,0.8048,0.00161
0.40276,44.08,134.39,-138.76,0.8055,0.00161
0.40295,44.20,134.67,-138.48,0.8059,0.00161
0.40332,44.12,134.48,-138.67,0.8066,0.00161
0.40351,44.16,134.58,-138.57,0.8070,0.00161
0.40332,44.28,134.87,-138.28,0.8066,0.00161
0.40389,44.20,134.68,-138.47,0.8078,0.00162
0.40389,44.24,134.77,-138.38,0.8078,0.00162
0.40370,44.32,134.96,-138.19,0.8074,0.00161
0.40426,44.21,134.70,-138.45,0.8085,0.00162
0.40445,44.44,135.26,-137.89,0.8089,0.00162
0.40520,44.41,135.17,-137.98,0.8104,0.00162
0.40501,44.44,135.26,-137.89,0.8100,0.00162
0.40520,44.41,135.17,-137.98,0.8104,0.00162
0.40520,44.57,135.55,-137.60,0.8104,0.00162
0.40557,44.56,135.55,-137.60,0.8111,0.00162
0.40576,44.68,135.84,-137.31,0.8115,0.00162
0.40614,44.61,135.66,-137.49,0.8123,0.00162
0.40614,44.77,136.04,-137.11,0.8123,0.00162
0.40614,44.69,135.84,-137.31,0.8123,0.00162
0.40632,44.65,135.75,-137.40,0.8126,0.00163
0.40670,44.73,135.95,-137.20,0.8134,0.00163
0.40707,44.89,136.33,-136.82,0.8141,0.00163
0.40707,44.85,136.24,-136.91,0.8141,0.00163
0.40707,44.93,136.44,-136.71,0.8141,0.00163
0.40764,44.89,136.33,-136.82,0.8153,0.00163
0.40820,44.85,136.24,-136.91,0.8164,0.00163
0.40801,44.69,135.86,-137.29,0.8160,0.00163
0.40820,44.93,136.44,-136.71,0.8164,0.00163
0.40782,44.97,136.52,-136.63,0.8156,0.00163
0.40820,44.85,136.24,-136.91,0.8164,0.00163
0.40857,45.13,136.92,-136.23,0.8171,0.00163
0.40895,45.13,136.92,-136.23,0.8179,0.00164
0.40895,45.17,137.02,-136.13,0.8179,0.00164
0.40914,45.10,136.84,-136.31,0.8183,0.00164
0.40932,45.25,137.21,-135.94,0.8186,0.00164
0.40989,45.14,136.93,-136.22,0.8198,0.00164
0.41008,45.38,137.51,-135.64,0.8202,0.00164
0.41008,45.22,137.12,-136.03,0.8202,0.00164
0.41026,45.34,137.42,-135.73,0.8205,0.00164
0.41008,45.34,137.43,-135.72,0.8202,0.00164
0.41083,45.54,137.90,-135.25,0.8217,0.00164
0.41101,45.42,137.61,-135.54,0.8220,0.00164
0.41120,45.38,137.52,-135.63,0.8224,0.00164
0.41139,45.50,137.81,-135.34,0.8228,0.00165
0.41139,45.50,137.81,-135.34,0.8228,0.00165
0.41158,45.42,137.61,-135.54,0.8232,0.00165
0.41176,45.50,137.80,-135.35,0.8235,0.00165
0.41195,45.70,138.30,-134.85,0.8239,0.00165
0.41195,45.62,138.10,-135.05,0.8239,0.00165
0.41214,45.70,138.29,-134.86,0.8243,0.00165
0.41214,45.66,138.20,-134.95,0.8243,0.00165
0.41251,45.74,138.39,-134.76,0.8250,0.00165
0.41270,45.66,138.20,-134.95,0.8254,0.00165
0.41289,45.79,138.49,-134.66,0.8258,0.00165
0.41289,45.79,138.49,-134.66,0.8258,0.00165
0.41326,45.83,138.59,-134.56,0.8265,0.00165
0.41289,45.79,138.50,-134.65,0.8258,0.00165
0.41364,45.82,138.59,-134.56,0.8273,0.00165
0.41364,45.91,138.79,-134.36,0.8273,0.00165
0.41383,46.03,139.08,-134.07,0.8277,0.00166
0.41401,46.07,139.17,-133.98,0.8280,0.00166
0.41420,45.95,138.89,-134.26,0.8284,0.00166
0.41458,46.07,139.18,-133.97,0.8292,0.00166
0.41476,46.11,139.28,-133.87,0.8295,0.00166
0.41495,46.19,139.47,-133.68,0.8299,0.00166
0.41476,46.07,139.19,-133.96,0.8295,0.00166
0.41551,46.19,139.47,-133.68,0.8310,0.00166
0.41551,46.20,139.48,-133.67,0.8310,0.00166
0.41570,46.27,139.67,-133.48,0.8314,0.00166
0.41589,46.35,139.86,-133.29,0.8318,0.00166
0.41608,46.27,139.67,-133.48,0.8322,0.00166
0.41608,46.31,139.76,-133.39,0.8322,0.00166
0.41589,46.32,139.78,-133.37,0.8318,0.00166
0.41645,46.48,140.16,-132.99,0.8329,0.00167
0.41701,46.44,140.07,-133.08,0.8340,0.00167
0.41701,46.39,139.96,-133.19,0.8340,0.00167
0.41720,46.43,140.05,-133.10,0.8344,0.00167
0.41701,46.48,140.16,-132.99,0.8340,0.00167
0.41758,46.64,140.55,-132.60,0.8352,0.00167
0.41776,46.52,140.26,-132.89,0.8355,0.00167
0.41776,46.60,140.45,-132.70,0.8355,0.00167
0.41776,46.60,140.45,-132.70,0.8355,0.00167
0.41795,46.72,140.74,-132.41,0.8359,0.00167
0.41814,46.68,140.65,-132.50,0.8363,0.00167
0.41870,46.56,140.36,-132.79,0.8374,0.00167
0.41870,46.80,140.94,-132.21,0.8374,0.00167
0.41870,46.76,140.85,-132.30,0.8374,0.00167
0.41926,47.00,141.42,-131.73,0.8385,0.00168
0.41926,46.88,141.14,-132.01,0.8385,0.00168
0.41926,46.88,141.14,-132.01,0.8385,0.00168
0.41945,46.97,141.34,-131.81,0.8389,0.00168
0.41983,46.96,141.33,-131.82,0.8397,0.00168
0.41945,46.97,141.34,-131.81,0.8389,0.00168
0.41983,46.93,141.24,-131.91,0.8397,0.00168
0.42001,47.09,141.63,-131.52,0.8400,0.00168
0.42001,47.13,141.73,-131.42,0.8400,0.00168
0.42001,47.13,141.72,-131.43,0.8400,0.00168
0.42058,47.21,141.92,-131.23,0.8412,0.00168
0.42095,47.17,141.82,-131.33,0.8419,0.00168
0.42095,47.21,141.93,-131.22,0.8419,0.00168
0.42133,47.21,141.92,-131.23,0.8427,0.00169
0.42095,47.17,141.83,-131.32,0.8419,0.00168
0.42151,47.18,141.84,-131.31,0.8430,0.00169
0.42170,47.45,142.50,-130.65,0.8434,0.00169
0.42189,47.38,142.33,-130.82,0.8438,0.00169
0.42189,47.33,142.23,-130.92,0.8438,0.00169
0.42226,47.45,142.50,-130.65,0.8445,0.00169
0.42208,47.41,142.42,-130.73,0.8442,0.00169
0.42189,47.33,142.23,-130.92,0.8438,0.00169
0.42245,47.49,142.61,-130.54,0.8449,0.00169
0.42264,47.58,142.81,-130.34,0.8453,0.00169
0.42301,47.50,142.62,-130.53,0.8460,0.00169
0.42283,47.61,142.90,-130.25,0.8457,0.00169
0.42301,47.45,142.51,-130.64,0.8460,0.00169
0.42301,47.66,143.00,-130.15,0.8460,0.00169
0.42339,47.74,143.19,-129.96,0.8468,0.00169
0.42376,47.70,143.11,-130.04,0.8475,0.00170
0.42376,47.61,142.90,-130.25,0.8475,0.00170
0.42376,47.90,143.59,-129.56,0.8475,0.00170
0.42395,47.70,143.11,-130.04,0.8479,0.00170
0.42433,47.74,143.21,-129.94,0.8487,0.00170
0.42451,48.10,144.07,-129.08,0.8490,0.00170
0.42489,47.71,143.13,-130.02,0.8498,0.00170
0.42508,47.86,143.50,-129.65,0.8502,0.00170
0.42489,47.98,143.79,-129.36,0.8498,0.00170
0.42489,47.94,143.69,-129.46,0.8498,0.00170
0.42508,47.98,143.79,-129.36,0.8502,0.00170
0.42545,47.98,143.79,-129.36,0.8509,0.00170
0.42545,48.10,144.08,-129.07,0.8509,0.00170
0.42564,48.15,144.18,-128.97,0.8513,0.00170
0.42583,48.15,144.19,-128.96,0.8517,0.00170
0.42601,48.11,144.10,-129.05,0.8520,0.00170
0.42564,48.07,143.99,-129.16,0.8513,0.00170
0.42601,48.23,144.38,-128.77,0.8520,0.00170
0.42620,48.23,144.38,-128.77,0.8524,0.00170
0.42658,48.19,144.29,-128.86,0.8532,0.00171
0.42639,48.31,144.57,-128.58,0.8528,0.00171
0.42714,48.31,144.58,-128.57,0.8543,0.00171
0.42714,48.27,144.49,-128.66,0.8543,0.00171
0.42695,48.31,144.58,-128.57,0.8539,0.00171
0.42714,48.35,144.67,-128.48,0.8543,0.00171
0.42751,48.31,144.59,-128.56,0.8550,0.00171
0.42789,48.39,144.78,-128.37,0.8558,0.00171
0.42770,48.60,145.27,-127.88,0.8554,0.00171
0.42789,48.39,144.78,-128.37,0.8558,0.00171
0.42789,48.44,144.88,-128.27,0.8558,0.00171
0.42808,48.56,145.17,-127.98,0.8562,0.00171
0.42789,48.44,144.89,-128.26,0.8558,0.00171
0.42845,48.52,145.07,-128.08,0.8569,0.00171
0.42864,48.76,145.65,-127.50,0.8573,0.00171
0.42864,48.68,145.46,-127.69,0.8573,0.00171
0.42883,48.72,145.56,-127.59,0.8577,0.00172
0.42901,48.72,145.57,-127.58,0.8580,0.00172
0.42920,48.69,145.49,-127.66,0.8584,0.00172
0.42845,48.88,145.95,-127.20,0.8569,0.00171
0.42920,48.72,145.57,-127.58,0.8584,0.00172
0.42976,48.84,145.86,-127.29,0.8595,0.00172
0.42995,48.92,146.05,-127.10,0.8599,0.00172
0.42995,48.84,145.87,-127.28,0.8599,0.00172
0.42995,48.89,145.96,-127.19,0.8599,0.00172
0.42976,49.08,146.44,-126.71,0.8595,0.00172
0.42995,49.01,146.26,-126.89,0.8599,0.00172
0.43051,48.96,146.15,-127.00,0.8610,0.00172
0.43089,49.01,146.26,-126.89,0.8618,0.00172
0.43089,49.13,146.55,-126.60,0.8618,0.00172
0.43051,49.13,146.55,-126.60,0.8610,0.00172
0.43051,49.09,146.46,-126.69,0.8610,0.00172
0.43070,49.09,146.45,-126.70,0.8614,0.00172
0.43126,49.17,146.65,-126.50,0.8625,0.00173
0.43108,49.17,146.65,-126.50,0.8622,0.00172
0.43145,49.21,146.74,-126.41,0.8629,0.00173
0.43201,49.29,146.94,-126.21,0.8640,0.00173
0.43183,49.21,146.74,-126.41,0.8637,0.00173
0.43201,49.29,146.95,-126.20,0.8640,0.00173
0.43164,49.29,146.95,-126.20,0.8633,0.00173
0.43239,49.49,147.43,-125.72,0.8648,0.00173
0.43276,49.34,147.05,-126.10,0.8655,0.00173
0.43258,49.42,147.24,-125.91,0.8652,0.00173
0.43258,49.50,147.43,-125.72,0.8652,0.00173
0.43276,49.50,147.43,-125.72,0.8655,0.00173
0.43295,49.46,147.35,-125.80,0.8659,0.00173
0.43276,49.46,147.34,-125.81,0.8655,0.00173
0.43333,49.50,147.44,-125.71,0.8667,0.00173
0.43351,49.58,147.64,-125.51,0.8670,0.00173
0.43351,49.70,147.93,-125.22,0.8670,0.00173
0.43389,49.54,147.54,-125.61,0.8678,0.00174
0.43389,49.70,147.93,-125.22,0.8678,0.00174
0.43370,49.70,147.93,-125.22,0.8674,0.00173
0.43370,49.78,148.12,-125.03,0.8674,0.00173
0.43445,49.62,147.75,-125.40,0.8689,0.00174
0.43464,49.71,147.94,-125.21,0.8693,0.00174
0.43464,49.70,147.93,-125.22,0.8693,0.00174
0.43501,49.86,148.32,-124.83,0.8700,0.00174
0.43483,49.79,148.14,-125.01,0.8697,0.00174
0.43483,49.83,148.24,-124.91,0.8697,0.00174
0.43520,49.86,148.32,-124.83,0.8704,0.00174
0.43558,49.91,148.43,-124.72,0.8712,0.00174
0.43558,49.83,148.24,-124.91,0.8712,0.00174
0.43558,50.03,148.72,-124.43,0.8712,0.00174
0.43595,50.03,148.72,-124.43,0.8719,0.00174
0.43558,50.11,148.91,-124.24,0.8712,0.00174
0.43558,50.03,148.72,-124.43,0.8712,0.00174
0.43633,50.08,148.83,-124.32,0.8727,0.00175
0.43614,50.27,149.30,-123.85,0.8723,0.00174
0.43670,50.19,149.12,-124.03,0.8734,0.00175
0.43689,50.19,149.11,-124.04,0.8738,0.00175
0.43670,50.23,149.21,-123.94,0.8734,0.00175
0.43708,50.08,148.83,-124.32,0.8742,0.00175
0.43670,50.31,149.41,-123.74,0.8734,0.00175
0.43689,50.35,149.50,-123.65,0.8738,0.00175
0.43726,50.28,149.33,-123.82,0.8745,0.00175
0.43764,50.40,149.60,-123.55,0.8753,0.00175
0.43764,50.40,149.61,-123.54,0.8753,0.00175
0.43745,50.35,149.50,-123.65,0.8749,0.00175
0.43764,50.40,149.61,-123.54,0.8753,0.00175
0.43745,50.40,149.61,-123.54,0.8749,0.00175
0.43783,50.52,149.91,-123.24,0.8757,0.00175
0.43839,50.52,149.90,-123.25,0.8768,0.00175
0.43858,50.36,149.53,-123.62,0.8772,0.00175
0.43858,50.52,149.91,-123.24,0.8772,0.00175
0.43876,50.64,150.20,-122.95,0.8775,0.00176
0.43858,50.52,149.91,-123.24,0.8772,0.00175
0.43839,50.44,149.72,-123.43,0.8768,0.00175
0.43876,50.68,150.30,-122.85,0.8775,0.00176