-0.00075,21.52,80.00,-193.15,-0.0015,0.00000
-0.00056,21.63,80.28,-192.87,-0.0011,0.00000
-0.00075,21.71,80.47,-192.68,-0.0015,0.00000
-0.00038,21.91,80.94,-192.21,-0.0008,0.00000
-0.00094,22.06,81.32,-191.83,-0.0019,0.00000
-0.00056,22.29,81.88,-191.27,-0.0011,0.00000
-0.00075,22.60,82.63,-190.52,-0.0015,0.00000
-0.00056,22.68,82.82,-190.33,-0.0011,0.00000
-0.00094,22.69,82.83,-190.32,-0.0019,0.00000
-0.00075,22.76,83.01,-190.14,-0.0015,0.00000
0.00000,22.99,83.56,-189.59,0.0000,0.00000
-0.00038,23.15,83.94,-189.21,-0.0008,0.00000
-0.00019,23.27,84.22,-188.93,-0.0004,0.00000
-0.00056,23.19,84.04,-189.11,-0.0011,0.00000
-0.00038,23.58,84.97,-188.18,-0.0008,0.00000
-0.00038,23.50,84.78,-188.37,-0.0008,0.00000
-0.00019,23.69,85.25,-187.90,-0.0004,0.00000
0.00000,23.66,85.16,-187.99,0.0000,0.00000
-0.00019,23.70,85.26,-187.89,-0.0004,0.00000
0.00000,23.81,85.53,-187.62,0.0000,0.00000
-0.00019,23.93,85.81,-187.34,-0.0004,0.00000
-0.00019,23.89,85.73,-187.42,-0.0004,0.00000
-0.00019,24.08,86.19,-186.96,-0.0004,0.00000
0.00000,24.24,86.57,-186.58,0.0000,0.00000
-0.00038,24.24,86.57,-186.58,-0.0008,0.00000
0.00000,24.24,86.58,-186.57,0.0000,0.00000
0.00019,24.36,86.85,-186.30,0.0004,0.00000
-0.00019,24.52,87.23,-185.92,-0.0004,0.00000
0.00000,24.71,87.70,-185.45,0.0000,0.00000
-0.00038,24.71,87.70,-185.45,-0.0008,0.00000
-0.00056,24.75,87.79,-185.36,-0.0011,0.00000
0.00000,24.90,88.17,-184.98,0.0000,0.00000
0.00038,24.90,88.17,-184.98,0.0008,0.00000
0.00000,25.02,88.45,-184.70,0.0000,0.00000
-0.00019,25.10,88.64,-184.51,-0.0004,0.00000
0.00019,25.06,88.55,-184.60,0.0004,0.00000
-0.00038,25.22,88.92,-184.23,-0.0008,0.00000
-0.00019,25.30,89.11,-184.04,-0.0004,0.00000
-0.00019,25.49,89.59,-183.56,-0.0004,0.00000
-0.00019,25.49,89.59,-183.56,-0.0004,0.00000
-0.00019,25.46,89.50,-183.65,-0.0004,0.00000
0.00038,25.65,89.96,-183.19,0.0008,0.00000
0.00000,25.69,90.06,-183.09,0.0000,0.00000
0.00000,25.88,90.52,-182.63,0.0000,0.00000
-0.00038,25.96,90.71,-182.44,-0.0008,0.00000
-0.00019,26.04,90.91,-182.24,-0.0004,0.00000
-0.00038,26.15,91.18,-181.97,-0.0008,0.00000
0.00038,26.27,91.47,-181.68,0.0008,0.00000
-0.00019,26.24,91.38,-181.77,-0.0004,0.00000
-0.00019,26.24,91.38,-181.77,-0.0004,0.00000
0.00000,26.35,91.66,-181.49,0.0000,0.00000
-0.00019,26.55,92.13,-181.02,-0.0004,0.00000
-0.00019,26.59,92.23,-180.92,-0.0004,0.00000
0.00019,26.78,92.69,-180.46,0.0004,0.00000
-0.00038,26.78,92.70,-180.45,-0.0008,0.00000
0.00000,26.78,92.70,-180.45,0.0000,0.00000
-0.00019,26.94,93.07,-180.08,-0.0004,0.00000
-0.00019,26.98,93.17,-179.98,-0.0004,0.00000
-0.00019,27.10,93.45,-179.70,-0.0004,0.00000
-0.00038,27.14,93.55,-179.60,-0.0008,0.00000
0.00019,27.33,94.01,-179.14,0.0004,0.00000
-0.00019,27.25,93.83,-179.32,-0.0004,0.00000
-0.00019,27.18,93.65,-179.50,-0.0004,0.00000
-0.00038,27.41,94.21,-178.94,-0.0008,0.00000
0.00038,27.49,94.40,-178.75,0.0008,0.00000
-0.00019,27.57,94.59,-178.56,-0.0004,0.00000
-0.00038,27.57,94.59,-178.56,-0.0008,0.00000
-0.00019,27.68,94.87,-178.28,-0.0004,0.00000
-0.00019,27.69,94.87,-178.28,-0.0004,0.00000
0.00000,27.88,95.34,-177.81,0.0000,0.00000
-0.00038,27.88,95.34,-177.81,-0.0008,0.00000
-0.00019,28.04,95.72,-177.43,-0.0004,0.00000
0.00000,28.04,95.73,-177.42,0.0000,0.00000
-0.00019,28.19,96.10,-177.05,-0.0004,0.00000
0.00019,28.27,96.29,-176.86,0.0004,0.00000
0.00000,28.32,96.39,-176.76,0.0000,0.00000
0.00019,28.35,96.48,-176.67,0.0004,0.00000
-0.00038,28.43,96.67,-176.48,-0.0008,0.00000
0.00038,28.47,96.76,-176.39,0.0008,0.00000
0.00056,28.47,96.77,-176.38,0.0011,0.00000
0.00056,28.55,96.96,-176.19,0.0011,0.00000
0.00056,28.67,97.24,-175.91,0.0011,0.00000
0.00075,28.75,97.43,-175.72,0.0015,0.00000
0.00075,28.71,97.34,-175.81,0.0015,0.00000
0.00150,28.83,97.62,-175.53,0.0030,0.00001
0.00169,28.90,97.81,-175.34,0.0034,0.00001
0.00225,28.91,97.81,-175.34,0.0045,0.00001
0.00244,29.14,98.37,-174.78,0.0049,0.00001
0.00281,29.14,98.37,-174.78,0.0056,0.00001
0.00319,29.30,98.75,-174.40,0.0064,0.00001
0.00356,29.10,98.29,-174.86,0.0071,0.00001
0.00488,29.38,98.95,-174.20,0.0098,0.00002
0.00469,29.34,98.86,-174.29,0.0094,0.00002
0.00525,29.61,99.51,-173.64,0.0105,0.00002
0.00563,29.65,99.61,-173.54,0.0113,0.00002
0.00638,29.58,99.43,-173.72,0.0128,0.00003
0.00694,29.85,100.08,-173.07,0.0139,0.00003
0.00788,29.62,99.52,-173.63,0.0158,0.00003
0.00863,29.89,100.18,-172.97,0.0173,0.00003
0.00994,29.97,100.37,-172.78,0.0199,0.00004
0.01088,29.93,100.28,-172.87,0.0218,0.00004
0.01163,30.01,100.47,-172.68,0.0233,0.00005
0.01238,30.09,100.66,-172.49,0.0248,0.00005
0.01406,30.24,101.04,-172.11,0.0281,0.00006
0.01538,30.17,100.85,-172.30,0.0308,0.00006
0.01688,30.28,101.14,-172.01,0.0338,0.00007
0.01819,30.28,101.13,-172.02,0.0364,0.00007
0.01950,30.40,101.42,-171.73,0.0390,0.00008
0.02044,30.48,101.61,-171.54,0.0409,0.00008
0.02288,30.56,101.80,-171.35,0.0458,0.00009
0.02475,30.52,101.70,-171.45,0.0495,0.00010
0.02663,30.56,101.80,-171.35,0.0533,0.00011
0.02813,30.72,102.18,-170.97,0.0563,0.00011
0.02981,30.76,102.28,-170.87,0.0596,0.00012
0.03206,30.91,102.65,-170.50,0.0641,0.00013
0.03375,30.88,102.56,-170.59,0.0675,0.00014
0.03619,31.11,103.13,-170.02,0.0724,0.00014
0.03788,31.07,103.04,-170.11,0.0758,0.00015
0.04050,31.08,103.04,-170.11,0.0810,0.00016
0.04181,31.19,103.32,-169.83,0.0836,0.00017
0.04463,31.31,103.61,-169.54,0.0893,0.00018
0.04725,31.50,104.07,-169.08,0.0945,0.00019
0.04931,31.39,103.79,-169.36,0.0986,0.00020
0.05250,31.51,104.09,-169.06,0.1050,0.00021
0.05475,31.59,104.27,-168.88,0.1095,0.00022
0.05738,31.62,104.37,-168.78,0.1148,0.00023
0.06038,31.67,104.47,-168.68,0.1208,0.00024
0.06300,31.74,104.65,-168.50,0.1260,0.00025
0.06638,31.71,104.56,-168.59,0.1328,0.00027
0.06975,31.90,105.04,-168.11,0.1395,0.00028
0.07313,31.83,104.85,-168.30,0.1463,0.00029
0.07613,32.02,105.33,-167.82,0.1523,0.00030
0.07931,32.14,105.61,-167.54,0.1586,0.00032
0.08250,32.18,105.71,-167.44,0.1650,0.00033
0.08588,32.22,105.81,-167.34,0.1718,0.00034
0.08925,32.33,106.08,-167.07,0.1785,0.00036
0.09282,32.50,106.46,-166.69,0.1856,0.00037
0.09750,32.38,106.18,-166.97,0.1950,0.00039
0.10144,32.46,106.38,-166.77,0.2029,0.00041
0.10594,32.54,106.57,-166.58,0.2119,0.00042
0.10950,32.69,106.94,-166.21,0.2190,0.00044
0.11363,32.58,106.66,-166.49,0.2273,0.00045
0.11719,32.58,106.67,-166.48,0.2344,0.00047
0.12132,32.81,107.23,-165.92,0.2426,0.00049
0.12563,32.85,107.33,-165.82,0.2513,0.00050
0.13050,32.89,107.43,-165.72,0.2610,0.00052
0.13557,33.13,107.99,-165.16,0.2711,0.00054
0.14138,33.05,107.81,-165.34,0.2828,0.00057
0.14644,33.02,107.73,-165.42,0.2929,0.00059
0.15263,33.21,108.19,-164.96,0.3053,0.00061
0.15882,33.21,108.19,-164.96,0.3176,0.00064
0.16407,33.37,108.57,-164.58,0.3281,0.00066
0.17044,33.33,108.48,-164.67,0.3409,0.00068
0.17569,33.57,109.05,-164.10,0.3514,0.00070
0.18113,33.49,108.85,-164.30,0.3623,0.00072
0.18694,33.53,108.96,-164.19,0.3739,0.00075
0.19294,33.57,109.05,-164.10,0.3859,0.00077
0.19838,33.84,109.70,-163.45,0.3968,0.00079
0.20363,33.80,109.62,-163.53,0.4073,0.00081
0.20888,33.77,109.53,-163.62,0.4178,0.00084
0.21394,33.77,109.54,-163.61,0.4279,0.00086
0.22013,33.97,110.01,-163.14,0.4403,0.00088
0.22538,33.89,109.82,-163.33,0.4508,0.00090
0.23157,33.96,110.00,-163.15,0.4631,0.00093
0.23719,34.08,110.29,-162.86,0.4744,0.00095
0.24263,34.32,110.87,-162.28,0.4853,0.00097
0.24751,34.28,110.77,-162.38,0.4950,0.00099
0.25220,34.21,110.60,-162.55,0.5044,0.00101
0.25707,34.28,110.77,-162.38,0.5141,0.00103
0.26157,34.32,110.87,-162.28,0.5231,0.00105
0.26645,34.48,111.25,-161.90,0.5329,0.00107
0.27170,34.56,111.44,-161.71,0.5434,0.00109
0.27732,34.60,111.54,-161.61,0.5546,0.00111
0.28313,34.56,111.45,-161.70,0.5663,0.00113
0.28782,34.72,111.83,-161.32,0.5756,0.00115
0.29288,34.80,112.02,-161.13,0.5858,0.00117
0.29757,34.92,112.31,-160.84,0.5951,0.00119
0.30226,34.96,112.40,-160.75,0.6045,0.00121
0.30695,34.88,112.22,-160.93,0.6139,0.00123
0.31163,34.92,112.31,-160.84,0.6233,0.00125
0.31557,35.12,112.79,-160.36,0.6311,0.00126
0.32026,35.16,112.88,-160.27,0.6405,0.00128
0.32495,35.24,113.07,-160.08,0.6499,0.00130
0.32889,35.24,113.07,-160.08,0.6578,0.00132
0.33301,35.20,112.99,-160.16,0.6660,0.00133
0.33657,35.36,113.36,-159.79,0.6731,0.00135
0.34070,35.32,113.27,-159.88,0.6814,0.00136
0.34295,35.36,113.37,-159.78,0.6859,0.00137
0.34726,35.52,113.75,-159.40,0.6945,0.00139
0.35101,35.52,113.75,-159.40,0.7020,0.00140
0.35401,35.48,113.67,-159.48,0.7080,0.00142
0.35720,35.60,113.94,-159.21,0.7144,0.00143
0.36039,35.64,114.04,-159.11,0.7208,0.00144
0.36357,35.72,114.23,-158.92,0.7271,0.00145
0.36639,35.76,114.34,-158.81,0.7328,0.00147
0.36939,35.88,114.62,-158.53,0.7388,0.00148
0.37201,35.96,114.80,-158.35,0.7440,0.00149
0.37501,35.96,114.81,-158.34,0.7500,0.00150
0.37820,36.00,114.90,-158.25,0.7564,0.00151
0.38064,36.16,115.29,-157.86,0.7613,0.00152
0.38345,36.15,115.28,-157.87,0.7669,0.00153
0.38589,36.04,115.00,-158.15,0.7718,0.00154
0.38776,36.20,115.39,-157.76,0.7755,0.00155
0.39020,36.32,115.68,-157.47,0.7804,0.00156
0.39264,36.36,115.77,-157.38,0.7853,0.00157
0.39451,36.51,116.15,-157.00,0.7890,0.00158
0.39732,36.44,115.96,-157.19,0.7946,0.00159
0.39939,36.43,115.96,-157.19,0.7988,0.00160
0.40126,36.55,116.25,-156.90,0.8025,0.00161
0.40295,36.52,116.16,-156.99,0.8059,0.00161
0.40501,36.64,116.45,-156.70,0.8100,0.00162
0.40670,36.60,116.35,-156.80,0.8134,0.00163
0.40857,36.68,116.54,-156.61,0.8171,0.00163
0.41045,36.76,116.73,-156.42,0.8209,0.00164
0.41251,36.80,116.83,-156.32,0.8250,0.00165
0.41458,36.95,117.21,-155.94,0.8292,0.00166
0.41589,37.00,117.31,-155.84,0.8318,0.00166
0.41720,37.04,117.41,-155.74,0.8344,0.00167
0.41889,37.07,117.49,-155.66,0.8378,0.00168
0.42039,37.07,117.49,-155.66,0.8408,0.00168
0.42189,37.19,117.77,-155.38,0.8438,0.00169
0.42301,37.27,117.97,-155.18,0.8460,0.00169
0.42451,37.31,118.07,-155.08,0.8490,0.00170
0.42601,37.27,117.98,-155.17,0.8520,0.00170
0.42714,37.55,118.63,-154.52,0.8543,0.00171
0.42845,37.52,118.56,-154.59,0.8569,0.00171
0.42958,37.39,118.27,-154.88,0.8592,0.00172
0.43145,37.55,118.65,-154.50,0.8629,0.00173
0.43183,37.44,118.38,-154.77,0.8637,0.00173
0.43314,37.64,118.85,-154.30,0.8663,0.00173
0.43408,37.72,119.05,-154.10,0.8682,0.00174
0.43558,37.64,118.86,-154.29,0.8712,0.00174
0.43633,37.80,119.24,-153.91,0.8727,0.00175
0.43764,37.84,119.33,-153.82,0.8753,0.00175
0.43858,38.00,119.72,-153.43,0.8772,0.00175
0.43951,37.99,119.71,-153.44,0.8790,0.00176
0.44045,38.00,119.72,-153.43,0.8809,0.00176
0.44120,38.11,120.00,-153.15,0.8824,0.00176
0.44195,38.15,120.10,-153.05,0.8839,0.00177
0.44270,38.16,120.11,-153.04,0.8854,0.00177
0.44364,38.20,120.20,-152.95,0.8873,0.00177
0.44458,38.16,120.11,-153.04,0.8892,0.00178
0.44533,38.36,120.59,-152.56,0.8907,0.00178
0.44589,38.40,120.68,-152.47,0.8918,0.00178
0.44701,38.36,120.59,-152.56,0.8940,0.00179
0.44758,38.40,120.69,-152.46,0.8952,0.00179
0.44795,38.48,120.88,-152.27,0.8959,0.00179
0.44833,38.48,120.88,-152.27,0.8967,0.00179
0.44964,38.60,121.17,-151.98,0.8993,0.00180
0.45039,38.64,121.27,-151.88,0.9008,0.00180
0.45151,38.64,121.27,-151.88,0.9030,0.00181
0.45208,38.71,121.45,-151.70,0.9042,0.00181
0.45301,38.88,121.84,-151.31,0.9060,0.00181
0.45320,38.76,121.56,-151.59,0.9064,0.00181
0.45376,38.92,121.94,-151.21,0.9075,0.00182
0.45470,38.88,121.85,-151.30,0.9094,0.00182
0.45545,38.88,121.84,-151.31,0.9109,0.00182
0.45583,39.03,122.22,-150.93,0.9117,0.00182
0.45658,39.00,122.14,-151.01,0.9132,0.00183
0.45714,38.92,121.95,-151.20,0.9143,0.00183
0.45789,39.16,122.52,-150.63,0.9158,0.00183
0.45901,39.24,122.71,-150.44,0.9180,0.00184
0.45920,39.24,122.72,-150.43,0.9184,0.00184
0.45976,39.20,122.62,-150.53,0.9195,0.00184
0.46051,39.24,122.71,-150.44,0.9210,0.00184
0.46145,39.28,122.82,-150.33,0.9229,0.00185
0.46201,39.40,123.10,-150.05,0.9240,0.00185
0.46239,39.44,123.20,-149.95,0.9248,0.00185
0.46333,39.36,123.01,-150.14,0.9267,0.00185
0.46370,39.52,123.39,-149.76,0.9274,0.00185
0.46426,39.72,123.87,-149.28,0.9285,0.00186
0.46483,39.56,123.48,-149.67,0.9297,0.00186
0.46558,39.49,123.31,-149.84,0.9312,0.00186
0.46539,39.84,124.17,-148.98,0.9308,0.00186
0.46633,39.80,124.08,-149.07,0.9327,0.00187
0.46651,39.88,124.26,-148.89,0.9330,0.00187
0.46708,39.88,124.27,-148.88,0.9342,0.00187
0.46745,40.04,124.64,-148.51,0.9349,0.00187
0.46820,39.96,124.45,-148.70,0.9364,0.00187
0.46839,40.00,124.55,-148.60,0.9368,0.00187
0.46876,40.08,124.75,-148.40,0.9375,0.00188
0.46914,40.00,124.56,-148.59,0.9383,0.00188
0.46951,39.89,124.28,-148.87,0.9390,0.00188
0.47064,40.01,124.56,-148.59,0.9413,0.00188
0.47045,40.17,124.95,-148.20,0.9409,0.00188
0.47101,40.28,125.24,-147.91,0.9420,0.00188
0.47158,40.28,125.24,-147.91,0.9432,0.00189
0.47195,40.37,125.43,-147.72,0.9439,0.00189
0.47233,40.48,125.71,-147.44,0.9447,0.00189
0.47251,40.33,125.34,-147.81,0.9450,0.00189
0.47326,40.37,125.43,-147.72,0.9465,0.00189
0.47345,40.53,125.83,-147.32,0.9469,0.00189
0.47420,40.53,125.82,-147.33,0.9484,0.00190
0.47439,40.53,125.82,-147.33,0.9488,0.00190
0.47458,40.69,126.21,-146.94,0.9492,0.00190
0.47495,40.73,126.31,-146.84,0.9499,0.00190
0.47551,40.73,126.31,-146.84,0.9510,0.00190
0.47570,40.81,126.49,-146.66,0.9514,0.00190
0.47645,40.73,126.31,-146.84,0.9529,0.00191
0.47664,40.81,126.49,-146.66,0.9533,0.00191
0.47739,40.93,126.79,-146.36,0.9548,0.00191
0.47720,41.05,127.08,-146.07,0.9544,0.00191
0.47795,41.01,126.98,-146.17,0.9559,0.00191
0.47833,41.05,127.08,-146.07,0.9567,0.00191
0.47870,41.01,126.99,-146.16,0.9574,0.00191
0.47908,41.09,127.18,-145.97,0.9582,0.00192
0.47964,41.13,127.27,-145.88,0.9593,0.00192
0.47945,41.09,127.18,-145.97,0.9589,0.00192
0.48039,41.25,127.57,-145.58,0.9608,0.00192
0.48058,41.41,127.95,-145.20,0.9612,0.00192
0.48114,41.21,127.47,-145.68,0.9623,0.00192
0.48151,41.33,127.76,-145.39,0.9630,0.00193
0.48226,41.37,127.86,-145.29,0.9645,0.00193
0.48226,41.38,127.87,-145.28,0.9645,0.00193
0.48320,41.49,128.15,-145.00,0.9664,0.00193
0.48358,41.58,128.35,-144.80,0.9672,0.00193
0.48414,41.50,128.16,-144.99,0.9683,0.00194
0.48451,41.73,128.72,-144.43,0.9690,0.00194
0.48451,41.65,128.54,-144.61,0.9690,0.00194
0.48583,41.66,128.55,-144.60,0.9717,0.00194
0.48620,41.85,129.01,-144.14,0.9724,0.00194
0.48676,41.85,129.02,-144.13,0.9735,0.00195
0.48733,41.82,128.93,-144.22,0.9747,0.00195
0.48789,42.01,129.41,-143.74,0.9758,0.00195
0.48845,41.90,129.12,-144.03,0.9769,0.00195
0.48883,41.98,129.31,-143.84,0.9777,0.00196
0.48939,41.90,129.13,-144.02,0.9788,0.00196
0.48976,42.17,129.79,-143.36,0.9795,0.00196
0.49014,42.18,129.80,-143.35,0.9803,0.00196
0.49014,42.26,129.99,-143.16,0.9803,0.00196
0.49070,42.22,129.90,-143.25,0.9814,0.00196
0.49108,42.34,130.19,-142.96,0.9822,0.00196
0.49089,42.30,130.09,-143.06,0.9818,0.00196
0.49183,42.26,130.01,-143.14,0.9837,0.00197
0.49183,42.34,130.20,-142.95,0.9837,0.00197
0.49277,42.46,130.48,-142.67,0.9855,0.00197
0.49277,42.43,130.39,-142.76,0.9855,0.00197
0.49352,42.54,130.68,-142.47,0.9870,0.00197
0.49389,42.58,130.77,-142.38,0.9878,0.00198
0.49389,42.47,130.50,-142.65,0.9878,0.00198
0.49427,42.63,130.88,-142.27,0.9885,0.00198
0.49445,42.71,131.07,-142.08,0.9889,0.00198
0.49520,42.86,131.45,-141.70,0.9904,0.00198
0.49502,42.86,131.45,-141.70,0.9900,0.00198
0.49539,42.91,131.56,-141.59,0.9908,0.00198
0.49577,42.99,131.75,-141.40,0.9915,0.00198
0.49614,42.99,131.75,-141.40,0.9923,0.00198
0.49633,42.98,131.74,-141.41,0.9927,0.00199
0.49633,43.07,131.94,-141.21,0.9927,0.00199
0.49708,43.03,131.86,-141.29,0.9942,0.00199
0.49727,43.19,132.23,-140.92,0.9945,0.00199
0.49708,43.15,132.14,-141.01,0.9942,0.00199
0.49802,43.11,132.05,-141.10,0.9960,0.00199
0.49820,43.35,132.62,-140.53,0.9964,0.00199
0.49802,43.27,132.42,-140.73,0.9960,0.00199
0.49895,43.39,132.72,-140.43,0.9979,0.00200
0.49914,43.43,132.82,-140.33,0.9983,0.00200
0.49895,43.59,133.20,-139.95,0.9979,0.00200
0.49933,43.43,132.82,-140.33,0.9987,0.00200
0.49914,43.51,133.02,-140.13,0.9983,0.00200
0.49989,43.63,133.31,-139.84,0.9998,0.00200
0.50027,43.52,133.03,-140.12,1.0005,0.00200
0.50027,43.68,133.41,-139.74,1.0005,0.00200
0.50064,43.67,133.40,-139.75,1.0013,0.00200
0.50083,43.67,133.41,-139.74,1.0017,0.00200
0.50102,43.75,133.60,-139.55,1.0020,0.00200
0.50120,43.84,133.80,-139.35,1.0024,0.00200
0.50195,43.84,133.80,-139.35,1.0039,0.00201
0.50195,43.99,134.18,-138.97,1.0039,0.00201
0.50177,44.00,134.18,-138.97,1.0035,0.00201
0.50195,44.08,134.38,-138.77,1.0039,0.00201
0.50289,44.08,134.38,-138.77,1.0058,0.00201
0.50289,44.08,134.38,-138.77,1.0058,0.00201
0.50308,44.04,134.29,-138.86,1.0062,0.00201
0.50327,44.00,134.20,-138.95,1.0065,0.00201
0.50383,44.20,134.67,-138.48,1.0077,0.00202
0.50383,44.32,134.96,-138.19,1.0077,0.00202
0.50383,44.20,134.68,-138.47,1.0077,0.00202
0.50477,44.25,134.79,-138.36,1.0095,0.00202
0.50477,44.25,134.79,-138.36,1.0095,0.00202
0.50514,44.29,134.89,-138.26,1.0103,0.00202
0.50514,44.29,134.88,-138.27,1.0103,0.00202
0.50533,44.37,135.08,-138.07,1.0107,0.00202
0.50589,44.49,135.36,-137.79,1.0118,0.00202
0.50552,44.49,135.37,-137.78,1.0110,0.00202
0.50627,44.53,135.46,-137.69,1.0125,0.00203
0.50627,44.65,135.75,-137.40,1.0125,0.00203
0.50702,44.49,135.36,-137.79,1.0140,0.00203
0.50683,44.69,135.85,-137.30,1.0137,0.00203
0.50720,44.69,135.85,-137.30,1.0144,0.00203
0.50720,44.73,135.95,-137.20,1.0144,0.00203
0.50795,44.85,136.24,-136.91,1.0159,0.00203
0.50795,44.93,136.44,-136.71,1.0159,0.00203
0.50814,44.85,136.25,-136.90,1.0163,0.00203
0.50795,44.97,136.54,-136.61,1.0159,0.00203
0.50852,44.94,136.44,-136.71,1.0170,0.00203
0.50908,44.93,136.44,-136.71,1.0182,0.00204
0.50889,45.01,136.63,-136.52,1.0178,0.00204
0.50945,45.06,136.73,-136.42,1.0189,0.00204
0.50945,45.01,136.64,-136.51,1.0189,0.00204
0.51020,45.18,137.02,-136.13,1.0204,0.00204
0.51002,45.26,137.22,-135.93,1.0200,0.00204
0.51002,45.22,137.12,-136.03,1.0200,0.00204
0.51002,45.22,137.12,-136.03,1.0200,0.00204
0.51077,45.10,136.84,-136.31,1.0215,0.00204
0.51114,45.34,137.41,-135.74,1.0223,0.00204
0.51114,45.34,137.42,-135.73,1.0223,0.00204
0.51152,45.34,137.41,-135.74,1.0230,0.00205
0.51189,45.38,137.52,-135.63,1.0238,0.00205
0.51208,45.38,137.52,-135.63,1.0242,0.00205
0.51152,45.50,137.81,-135.34,1.0230,0.00205
0.51245,45.46,137.72,-135.43,1.0249,0.00205
0.51283,45.50,137.81,-135.34,1.0257,0.00205
0.51283,45.50,137.81,-135.34,1.0257,0.00205
0.51302,45.62,138.10,-135.05,1.0260,0.00205
0.51283,45.63,138.11,-135.04,1.0257,0.00205
0.51377,45.74,138.39,-134.76,1.0275,0.00206
0.51358,45.62,138.10,-135.05,1.0272,0.00205
0.51377,45.79,138.49,-134.66,1.0275,0.00206
0.51414,45.83,138.59,-134.56,1.0283,0.00206
0.51470,45.83,138.59,-134.56,1.0294,0.00206
0.51489,45.91,138.79,-134.36,1.0298,0.00206
0.51489,45.91,138.78,-134.37,1.0298,0.00206
0.51527,46.03,139.07,-134.08,1.0305,0.00206
0.51527,45.91,138.79,-134.36,1.0305,0.00206
0.51602,46.07,139.17,-133.98,1.0320,0.00206
0.51583,45.95,138.89,-134.26,1.0317,0.00206
0.51583,46.11,139.29,-133.86,1.0317,0.00206
0.51677,46.03,139.08,-134.07,1.0335,0.00207
0.51658,46.23,139.58,-133.57,1.0332,0.00207
0.51658,46.11,139.28,-133.87,1.0332,0.00207
0.51733,46.20,139.48,-133.67,1.0347,0.00207
0.51752,46.15,139.38,-133.77,1.0350,0.00207
0.51752,46.16,139.39,-133.76,1.0350,0.00207
0.51789,46.43,140.05,-133.10,1.0358,0.00207
0.51770,46.44,140.07,-133.08,1.0354,0.00207
0.51845,46.32,139.77,-133.38,1.0369,0.00207
0.51845,46.59,140.44,-132.71,1.0369,0.00207
0.51864,46.44,140.06,-133.09,1.0373,0.00207
0.51902,46.44,140.07,-133.08,1.0380,0.00208
0.51902,46.56,140.36,-132.79,1.0380,0.00208
0.51958,46.48,140.17,-132.98,1.0392,0.00208
0.51939,46.56,140.36,-132.79,1.0388,0.00208
0.51995,46.76,140.83,-132.32,1.0399,0.00208
0.52014,46.56,140.36,-132.79,1.0403,0.00208
0.52070,46.64,140.56,-132.59,1.0414,0.00208
0.52052,46.64,140.56,-132.59,1.0410,0.00208
0.52108,46.85,141.05,-132.10,1.0422,0.00208
0.52127,46.80,140.95,-132.20,1.0425,0.00209
0.52145,46.97,141.34,-131.81,1.0429,0.00209
0.52164,46.96,141.33,-131.82,1.0433,0.00209
0.52145,46.88,141.14,-132.01,1.0429,0.00209
0.52220,47.00,141.43,-131.72,1.0444,0.00209
0.52239,46.93,141.24,-131.91,1.0448,0.00209
0.52258,46.93,141.24,-131.91,1.0452,0.00209
0.52277,47.08,141.62,-131.53,1.0455,0.00209
0.52314,46.93,141.25,-131.90,1.0463,0.00209
0.52352,47.13,141.74,-131.41,1.0470,0.00209
0.52370,47.13,141.73,-131.42,1.0474,0.00209
0.52352,47.17,141.83,-131.32,1.0470,0.00209
0.52389,47.17,141.83,-131.32,1.0478,0.00210
0.52408,47.13,141.74,-131.41,1.0482,0.00210
0.52445,47.33,142.21,-130.94,1.0489,0.00210
0.52483,47.33,142.22,-130.93,1.0497,0.00210
0.52464,47.33,142.23,-130.92,1.0493,0.00210
0.52502,47.45,142.51,-130.64,1.0500,0.00210
0.52539,47.49,142.61,-130.54,1.0508,0.00210
0.52520,47.46,142.53,-130.62,1.0504,0.00210
0.52558,47.58,142.81,-130.34,1.0512,0.00210
0.52558,47.50,142.62,-130.53,1.0512,0.00210
0.52614,47.58,142.81,-130.34,1.0523,0.00210
0.52633,47.62,142.91,-130.24,1.0527,0.00211
0.52652,47.54,142.73,-130.42,1.0530,0.00211
0.52689,47.58,142.82,-130.33,1.0538,0.00211
0.52708,47.58,142.82,-130.33,1.0542,0.00211
0.52745,47.46,142.54,-130.61,1.0549,0.00211
0.52708,47.70,143.11,-130.04,1.0542,0.00211
0.52764,47.70,143.11,-130.04,1.0553,0.00211
0.52764,47.78,143.30,-129.85,1.0553,0.00211
0.52802,47.74,143.21,-129.94,1.0560,0.00211
0.52858,47.82,143.41,-129.74,1.0572,0.00211
0.52858,47.82,143.41,-129.74,1.0572,0.00211
0.52839,47.95,143.71,-129.44,1.0568,0.00211
0.52877,47.87,143.51,-129.64,1.0575,0.00212
0.52933,47.95,143.70,-129.45,1.0587,0.00212
0.52933,47.91,143.60,-129.55,1.0587,0.00212
0.52952,47.95,143.71,-129.44,1.0590,0.00212
0.52952,47.95,143.71,-129.44,1.0590,0.00212
0.53008,48.11,144.10,-129.05,1.0602,0.00212
0.53045,48.11,144.10,-129.05,1.0609,0.00212
0.53064,48.27,144.49,-128.66,1.0613,0.00212
0.53064,48.11,144.10,-129.05,1.0613,0.00212
0.53083,48.16,144.20,-128.95,1.0617,0.00212
0.53139,48.15,144.20,-128.95,1.0628,0.00213
0.53139,48.24,144.40,-128.75,1.0628,0.00213
0.53139,48.31,144.59,-128.56,1.0628,0.00213
0.53158,48.24,144.40,-128.75,1.0632,0.00213
0.53214,48.31,144.58,-128.57,1.0643,0.00213
0.53233,48.31,144.58,-128.57,1.0647,0.00213
0.53308,48.32,144.60,-128.55,1.0662,0.00213
0.53308,48.56,145.18,-127.97,1.0662,0.00213
0.53327,48.44,144.90,-128.25,1.0665,0.00213
0.53345,48.52,145.08,-128.07,1.0669,0.00213
0.53402,48.58,145.22,-127.93,1.0680,0.00214
0.53420,48.56,145.18,-127.97,1.0684,0.00214
0.53420,48.66,145.42,-127.73,1.0684,0.00214
0.53477,48.77,145.67,-127.48,1.0695,0.00214
0.53533,48.80,145.76,-127.39,1.0707,0.00214
0.53514,48.81,145.77,-127.38,1.0703,0.00214
0.53495,48.74,145.61,-127.54,1.0699,0.00214
0.53589,48.87,145.92,-127.23,1.0718,0.00214
0.53627,48.72,145.57,-127.58,1.0725,0.00215
0.53608,48.88,145.96,-127.19,1.0722,0.00214
0.53608,48.97,146.17,-126.98,1.0722,0.00214
0.53683,48.85,145.87,-127.28,1.0737,0.00215
0.53739,49.00,146.25,-126.90,1.0748,0.00215
0.53777,49.01,146.26,-126.89,1.0755,0.00215
0.53814,49.05,146.36,-126.79,1.0763,0.00215
0.53814,49.17,146.65,-126.50,1.0763,0.00215
0.53795,49.17,146.66,-126.49,1.0759,0.00215
0.53852,49.05,146.35,-126.80,1.0770,0.00215
0.53889,49.31,146.99,-126.16,1.0778,0.00216
0.53889,49.07,146.42,-126.73,1.0778,0.00216
0.53945,49.12,146.54,-126.61,1.0789,0.00216
0.53908,49.33,147.04,-126.11,1.0782,0.00216
0.53983,49.33,147.04,-126.11,1.0797,0.00216
0.53983,49.26,146.86,-126.29,1.0797,0.00216
0.53964,49.49,147.43,-125.72,1.0793,0.00216
0.54002,49.42,147.25,-125.90,1.0800,0.00216
0.54020,49.38,147.15,-126.00,1.0804,0.00216
0.54039,49.39,147.18,-125.97,1.0808,0.00216
0.54058,49.51,147.46,-125.69,1.0812,0.00216
0.54095,49.47,147.36,-125.79,1.0819,0.00216
0.54095,49.59,147.65,-125.50,1.0819,0.00216
0.54133,49.70,147.94,-125.21,1.0827,0.00217
0.54133,49.71,147.94,-125.21,1.0827,0.00217
0.54208,49.79,148.14,-125.01,1.0842,0.00217
0.54227,49.67,147.86,-125.29,1.0845,0.00217
0.54227,49.71,147.96,-125.19,1.0845,0.00217
0.54227,49.75,148.06,-125.09,1.0845,0.00217
0.54227,49.87,148.34,-124.81,1.0845,0.00217
0.54264,49.99,148.62,-124.53,1.0853,0.00217
0.54320,49.95,148.54,-124.61,1.0864,0.00217
0.54302,49.91,148.44,-124.71,1.0860,0.00217
0.54302,49.99,148.63,-124.52,1.0860,0.00217
0.54358,50.07,148.83,-124.32,1.0872,0.00217
0.54377,50.27,149.30,-123.85,1.0875,0.00218
0.54414,50.19,149.11,-124.04,1.0883,0.00218
0.54395,50.11,148.93,-124.22,1.0879,0.00218
0.54395,50.20,149.13,-124.02,1.0879,0.00218
0.54395,50.36,149.51,-123.64,1.0879,0.00218
0.54414,50.19,149.12,-124.03,1.0883,0.00218
0.54452,50.28,149.33,-123.82,1.0890,0.00218
0.54508,50.20,149.13,-124.02,1.0902,0.00218
0.54508,50.32,149.42,-123.73,1.0902,0.00218
0.54527,50.43,149.69,-123.46,1.0905,0.00218
0.54508,50.51,149.88,-123.27,1.0902,0.00218
0.54508,50.51,149.89,-123.26,1.0902,0.00218
0.54545,50.56,149.99,-123.16,1.0909,0.00218
0.54602,50.44,149.71,-123.44,1.0920,0.00218
0.54602,50.56,150.00,-123.15,1.0920,0.00218